video_name,frame,actor_track_id,xml_track_id,position,team_side,action,xtl,ytl,xbr,ybr,w,h,source
BootPass_49,19,0,0,Position_Unknown,Team_Unknown,Action_PreSnap,743.22,425.22,866.95,505.74,123.73000000000002,80.51999999999998,xml_geometry_csv_action
BootPass_49,19,1,1,Position_Unknown,Team_Unknown,Action_PreSnap,629.6,606.27,732.22,773.98,102.62,167.71000000000004,xml_geometry_csv_action
BootPass_49,19,10,10,Position_Unknown,Team_Unknown,Action_PreSnap,1582.52,287.04,1644.76,444.3,62.24000000000001,157.26,xml_geometry_csv_action
BootPass_49,19,11,11,Position_Unknown,Team_Unknown,Action_PreSnap,1043.24,466.84,1117.66,609.6,74.42000000000007,142.76000000000005,xml_geometry_csv_action
BootPass_49,19,12,12,Position_Unknown,Team_Unknown,Action_PreSnap,124.34,436.81,201.93,580.88,77.59,144.07,xml_geometry_csv_action
BootPass_49,19,13,13,Position_Unknown,Team_Unknown,Action_PreSnap,1155.46,144.2,1221.31,289.0,65.84999999999991,144.8,xml_geometry_csv_action
BootPass_49,19,14,14,Position_Unknown,Team_Unknown,Action_PreSnap,1377.52,635.15,1443.46,812.72,65.94000000000005,177.57000000000005,xml_geometry_csv_action
BootPass_49,19,15,15,Position_Unknown,Team_Unknown,Action_PreSnap,642.62,445.61,729.96,548.6,87.34000000000003,102.99000000000001,xml_geometry_csv_action
BootPass_49,19,16,16,Position_Unknown,Team_Unknown,Action_PreSnap,585.05,513.11,664.16,637.42,79.11000000000001,124.30999999999995,xml_geometry_csv_action
BootPass_49,19,17,17,Position_Unknown,Team_Unknown,Action_PreSnap,755.35,493.19,871.94,587.39,116.59000000000003,94.19999999999999,xml_geometry_csv_action
BootPass_49,19,18,18,Position_Unknown,Team_Unknown,Action_PreSnap,597.36,477.05,684.78,583.83,87.41999999999996,106.78000000000003,xml_geometry_csv_action
BootPass_49,19,19,19,Position_Unknown,Team_Unknown,Action_PreSnap,545.78,375.44,640.07,466.35,94.29000000000008,90.91000000000003,xml_geometry_csv_action
BootPass_49,19,2,2,Position_Unknown,Team_Unknown,Action_PreSnap,427.01,328.11,502.05,481.05,75.04000000000002,152.94,xml_geometry_csv_action
BootPass_49,19,20,20,Position_Unknown,Team_Unknown,Action_PreSnap,577.63,423.44,649.02,517.93,71.38999999999999,94.48999999999995,xml_geometry_csv_action
BootPass_49,19,21,21,Position_Unknown,Team_Unknown,Action_PreSnap,586.32,412.2,669.38,473.98,83.05999999999995,61.78000000000003,xml_geometry_csv_action
BootPass_49,19,3,3,Position_Unknown,Team_Unknown,Action_PreSnap,1643.65,472.77,1726.44,643.17,82.78999999999996,170.39999999999998,xml_geometry_csv_action
BootPass_49,19,4,4,Position_Unknown,Team_Unknown,Action_PreSnap,735.06,320.62,823.47,431.73,88.41000000000008,111.11000000000001,xml_geometry_csv_action
BootPass_49,19,5,5,Position_Unknown,Team_Unknown,Action_PreSnap,768.04,546.44,882.02,654.54,113.98000000000002,108.09999999999991,xml_geometry_csv_action
BootPass_49,19,6,6,Position_Unknown,Team_Unknown,Action_PreSnap,907.27,564.99,985.85,720.48,78.58000000000004,155.49,xml_geometry_csv_action
BootPass_49,19,7,7,Position_Unknown,Team_Unknown,Action_PreSnap,566.96,252.64,645.07,394.65,78.11000000000001,142.01,xml_geometry_csv_action
BootPass_49,19,8,8,Position_Unknown,Team_Unknown,Action_PreSnap,520.4,537.35,602.39,688.08,81.99000000000001,150.73000000000002,xml_geometry_csv_action
BootPass_49,19,9,9,Position_Unknown,Team_Unknown,Action_PreSnap,1026.81,375.09,1100.18,493.03,73.37000000000012,117.94,xml_geometry_csv_action
BootPass_49,20,0,0,Position_Unknown,Team_Unknown,Action_PreSnap,742.14,425.73,865.36,506.38,123.22000000000003,80.64999999999998,xml_geometry_csv_action
BootPass_49,20,1,1,Position_Unknown,Team_Unknown,Action_PreSnap,629.65,606.87,731.79,774.56,102.13999999999999,167.68999999999994,xml_geometry_csv_action
BootPass_49,20,10,10,Position_Unknown,Team_Unknown,Action_PreSnap,1582.88,287.9,1645.31,444.67,62.429999999999836,156.77000000000004,xml_geometry_csv_action
BootPass_49,20,11,11,Position_Unknown,Team_Unknown,Action_PreSnap,1041.99,467.41,1116.87,609.95,74.87999999999988,142.54000000000002,xml_geometry_csv_action
BootPass_49,20,12,12,Position_Unknown,Team_Unknown,Action_PreSnap,123.71,437.55,201.33,581.33,77.62000000000002,143.78000000000003,xml_geometry_csv_action
BootPass_49,20,13,13,Position_Unknown,Team_Unknown,Action_PreSnap,1154.56,145.03,1220.2,289.07,65.6400000000001,144.04,xml_geometry_csv_action
BootPass_49,20,14,14,Position_Unknown,Team_Unknown,Action_PreSnap,1376.6,636.77,1443.22,813.75,66.62000000000012,176.98000000000002,xml_geometry_csv_action
BootPass_49,20,15,15,Position_Unknown,Team_Unknown,Action_PreSnap,641.93,446.17,729.19,549.73,87.2600000000001,103.56,xml_geometry_csv_action
BootPass_49,20,16,16,Position_Unknown,Team_Unknown,Action_PreSnap,584.59,514.18,663.56,637.71,78.96999999999991,123.53000000000009,xml_geometry_csv_action
BootPass_49,20,17,17,Position_Unknown,Team_Unknown,Action_PreSnap,754.89,494.12,871.35,586.96,116.46000000000004,92.84000000000003,xml_geometry_csv_action
BootPass_49,20,18,18,Position_Unknown,Team_Unknown,Action_PreSnap,596.8,477.78,684.21,584.36,87.41000000000008,106.58000000000004,xml_geometry_csv_action
BootPass_49,20,19,19,Position_Unknown,Team_Unknown,Action_PreSnap,545.07,375.76,639.79,467.97,94.71999999999991,92.21000000000004,xml_geometry_csv_action
BootPass_49,20,2,2,Position_Unknown,Team_Unknown,Action_PreSnap,426.69,329.09,501.64,481.91,74.94999999999999,152.82000000000005,xml_geometry_csv_action
BootPass_49,20,20,20,Position_Unknown,Team_Unknown,Action_PreSnap,577.31,423.82,648.55,518.19,71.24000000000001,94.37000000000006,xml_geometry_csv_action
BootPass_49,20,21,21,Position_Unknown,Team_Unknown,Action_PreSnap,586.11,413.09,669.5,474.61,83.38999999999999,61.52000000000004,xml_geometry_csv_action
BootPass_49,20,3,3,Position_Unknown,Team_Unknown,Action_PreSnap,1644.41,474.07,1727.56,644.52,83.14999999999986,170.45,xml_geometry_csv_action
BootPass_49,20,4,4,Position_Unknown,Team_Unknown,Action_PreSnap,734.31,321.56,822.86,432.11,88.55000000000007,110.55000000000001,xml_geometry_csv_action
BootPass_49,20,5,5,Position_Unknown,Team_Unknown,Action_PreSnap,767.74,547.38,881.46,655.08,113.72000000000003,107.70000000000005,xml_geometry_csv_action
BootPass_49,20,6,6,Position_Unknown,Team_Unknown,Action_PreSnap,906.75,566.03,985.12,721.11,78.37,155.08000000000004,xml_geometry_csv_action
BootPass_49,20,7,7,Position_Unknown,Team_Unknown,Action_PreSnap,566.03,253.51,644.41,394.94,78.38,141.43,xml_geometry_csv_action
BootPass_49,20,8,8,Position_Unknown,Team_Unknown,Action_PreSnap,520.21,537.89,602.35,688.77,82.13999999999999,150.88,xml_geometry_csv_action
BootPass_49,20,9,9,Position_Unknown,Team_Unknown,Action_PreSnap,1026.56,375.89,1099.98,493.59,73.42000000000007,117.69999999999999,xml_geometry_csv_action
BootPass_49,21,0,0,Position_Unknown,Team_Unknown,Action_PreSnap,741.36,426.1,863.76,506.8,122.39999999999998,80.69999999999999,xml_geometry_csv_action
BootPass_49,21,1,1,Position_Unknown,Team_Unknown,Action_PreSnap,628.99,607.39,731.55,775.1,102.55999999999995,167.71000000000004,xml_geometry_csv_action
BootPass_49,21,10,10,Position_Unknown,Team_Unknown,Action_PreSnap,1583.3,288.28,1646.63,445.56,63.330000000000155,157.28000000000003,xml_geometry_csv_action
BootPass_49,21,11,11,Position_Unknown,Team_Unknown,Action_PreSnap,1041.28,468.5,1116.6,610.62,75.31999999999994,142.12,xml_geometry_csv_action
BootPass_49,21,12,12,Position_Unknown,Team_Unknown,Action_PreSnap,123.08,438.11,200.69,582.43,77.61,144.31999999999994,xml_geometry_csv_action
BootPass_49,21,13,13,Position_Unknown,Team_Unknown,Action_PreSnap,1153.39,145.23,1219.16,289.7,65.76999999999998,144.47,xml_geometry_csv_action
BootPass_49,21,14,14,Position_Unknown,Team_Unknown,Action_PreSnap,1376.11,638.12,1443.35,814.23,67.24000000000001,176.11,xml_geometry_csv_action
BootPass_49,21,15,15,Position_Unknown,Team_Unknown,Action_PreSnap,641.58,446.4,728.41,550.74,86.82999999999993,104.34000000000003,xml_geometry_csv_action
BootPass_49,21,16,16,Position_Unknown,Team_Unknown,Action_PreSnap,583.95,514.48,663.22,638.27,79.26999999999998,123.78999999999996,xml_geometry_csv_action
BootPass_49,21,17,17,Position_Unknown,Team_Unknown,Action_PreSnap,754.19,494.85,870.66,587.63,116.46999999999991,92.77999999999997,xml_geometry_csv_action
BootPass_49,21,18,18,Position_Unknown,Team_Unknown,Action_PreSnap,596.14,478.68,684.2,585.17,88.06000000000006,106.48999999999995,xml_geometry_csv_action
BootPass_49,21,19,19,Position_Unknown,Team_Unknown,Action_PreSnap,543.97,376.45,639.84,468.51,95.87,92.06,xml_geometry_csv_action
BootPass_49,21,2,2,Position_Unknown,Team_Unknown,Action_PreSnap,426.31,329.89,501.45,482.72,75.13999999999999,152.83000000000004,xml_geometry_csv_action
BootPass_49,21,20,20,Position_Unknown,Team_Unknown,Action_PreSnap,576.75,423.95,649.58,517.12,72.83000000000004,93.17000000000002,xml_geometry_csv_action
BootPass_49,21,21,21,Position_Unknown,Team_Unknown,Action_PreSnap,585.05,413.81,668.75,475.62,83.70000000000005,61.81,xml_geometry_csv_action
BootPass_49,21,3,3,Position_Unknown,Team_Unknown,Action_PreSnap,1644.99,475.92,1728.77,645.32,83.77999999999997,169.40000000000003,xml_geometry_csv_action
BootPass_49,21,4,4,Position_Unknown,Team_Unknown,Action_PreSnap,733.66,322.17,822.18,432.8,88.51999999999998,110.63,xml_geometry_csv_action
BootPass_49,21,5,5,Position_Unknown,Team_Unknown,Action_PreSnap,767.46,548.03,880.58,655.99,113.12,107.96000000000004,xml_geometry_csv_action
BootPass_49,21,6,6,Position_Unknown,Team_Unknown,Action_PreSnap,906.14,566.85,984.72,721.79,78.58000000000004,154.93999999999994,xml_geometry_csv_action
BootPass_49,21,7,7,Position_Unknown,Team_Unknown,Action_PreSnap,565.41,254.0,644.12,395.4,78.71000000000004,141.39999999999998,xml_geometry_csv_action
BootPass_49,21,8,8,Position_Unknown,Team_Unknown,Action_PreSnap,519.63,538.3,601.42,689.32,81.78999999999996,151.0200000000001,xml_geometry_csv_action
BootPass_49,21,9,9,Position_Unknown,Team_Unknown,Action_PreSnap,1026.45,376.48,1099.77,494.72,73.31999999999994,118.24000000000001,xml_geometry_csv_action
BootPass_49,22,0,0,Position_Unknown,Team_Unknown,Action_PreSnap,740.54,426.24,861.63,507.02,121.09000000000003,80.77999999999997,xml_geometry_csv_action
BootPass_49,22,1,1,Position_Unknown,Team_Unknown,Action_PreSnap,628.38,607.4,731.87,775.03,103.49000000000001,167.63,xml_geometry_csv_action
BootPass_49,22,10,10,Position_Unknown,Team_Unknown,Action_PreSnap,1584.5,288.49,1646.9,445.76,62.40000000000009,157.26999999999998,xml_geometry_csv_action
BootPass_49,22,11,11,Position_Unknown,Team_Unknown,Action_PreSnap,1040.44,468.48,1116.18,610.67,75.74000000000001,142.18999999999994,xml_geometry_csv_action
BootPass_49,22,12,12,Position_Unknown,Team_Unknown,Action_PreSnap,122.37,438.48,199.98,582.65,77.60999999999999,144.16999999999996,xml_geometry_csv_action
BootPass_49,22,13,13,Position_Unknown,Team_Unknown,Action_PreSnap,1150.94,144.67,1216.94,289.77,66.0,145.1,xml_geometry_csv_action
BootPass_49,22,14,14,Position_Unknown,Team_Unknown,Action_PreSnap,1376.16,638.69,1443.84,813.58,67.67999999999984,174.89,xml_geometry_csv_action
BootPass_49,22,15,15,Position_Unknown,Team_Unknown,Action_PreSnap,640.72,446.7,727.61,550.87,86.88999999999999,104.17000000000002,xml_geometry_csv_action
BootPass_49,22,16,16,Position_Unknown,Team_Unknown,Action_PreSnap,583.15,514.62,662.56,638.35,79.40999999999997,123.73000000000002,xml_geometry_csv_action
BootPass_49,22,17,17,Position_Unknown,Team_Unknown,Action_PreSnap,753.75,495.07,869.99,588.64,116.24000000000001,93.57,xml_geometry_csv_action
BootPass_49,22,18,18,Position_Unknown,Team_Unknown,Action_PreSnap,595.33,479.16,683.79,585.45,88.45999999999992,106.29000000000002,xml_geometry_csv_action
BootPass_49,22,19,19,Position_Unknown,Team_Unknown,Action_PreSnap,543.89,376.7,639.72,468.61,95.83000000000004,91.91000000000003,xml_geometry_csv_action
BootPass_49,22,2,2,Position_Unknown,Team_Unknown,Action_PreSnap,425.78,330.34,501.0,482.91,75.22000000000003,152.57000000000005,xml_geometry_csv_action
BootPass_49,22,20,20,Position_Unknown,Team_Unknown,Action_PreSnap,576.25,424.46,649.46,516.98,73.21000000000004,92.52000000000004,xml_geometry_csv_action
BootPass_49,22,3,3,Position_Unknown,Team_Unknown,Action_PreSnap,1644.57,478.02,1729.51,645.7,84.94000000000005,167.68000000000006,xml_geometry_csv_action
BootPass_49,22,4,4,Position_Unknown,Team_Unknown,Action_PreSnap,732.49,322.59,821.11,433.06,88.62,110.47000000000003,xml_geometry_csv_action
BootPass_49,22,5,5,Position_Unknown,Team_Unknown,Action_PreSnap,766.55,547.98,879.66,656.27,113.11000000000001,108.28999999999996,xml_geometry_csv_action
BootPass_49,22,6,6,Position_Unknown,Team_Unknown,Action_PreSnap,904.39,567.08,983.5,722.07,79.11000000000001,154.99,xml_geometry_csv_action
BootPass_49,22,7,7,Position_Unknown,Team_Unknown,Action_PreSnap,565.1,254.2,643.75,395.6,78.64999999999998,141.40000000000003,xml_geometry_csv_action
BootPass_49,22,8,8,Position_Unknown,Team_Unknown,Action_PreSnap,518.95,538.54,600.4,689.43,81.44999999999993,150.89,xml_geometry_csv_action
BootPass_49,22,9,9,Position_Unknown,Team_Unknown,Action_PreSnap,1025.7,376.53,1099.01,495.1,73.30999999999995,118.57000000000005,xml_geometry_csv_action
BootPass_49,23,0,0,Position_Unknown,Team_Unknown,Action_PreSnap,740.39,425.47,859.91,506.7,119.51999999999998,81.22999999999996,xml_geometry_csv_action
BootPass_49,23,1,1,Position_Unknown,Team_Unknown,Action_PreSnap,628.08,606.94,732.22,774.33,104.13999999999999,167.39,xml_geometry_csv_action
BootPass_49,23,10,10,Position_Unknown,Team_Unknown,Action_PreSnap,1585.56,287.84,1646.75,444.95,61.190000000000055,157.11,xml_geometry_csv_action
BootPass_49,23,11,11,Position_Unknown,Team_Unknown,Action_PreSnap,1040.32,467.75,1116.27,609.7,75.95000000000005,141.95000000000005,xml_geometry_csv_action
BootPass_49,23,12,12,Position_Unknown,Team_Unknown,Action_PreSnap,122.27,438.01,199.8,582.28,77.53000000000002,144.26999999999998,xml_geometry_csv_action
BootPass_49,23,13,13,Position_Unknown,Team_Unknown,Action_PreSnap,1148.21,143.98,1215.63,289.37,67.42000000000007,145.39000000000001,xml_geometry_csv_action
BootPass_49,23,14,14,Position_Unknown,Team_Unknown,Action_PreSnap,1377.52,638.43,1445.18,813.0,67.66000000000008,174.57000000000005,xml_geometry_csv_action
BootPass_49,23,15,15,Position_Unknown,Team_Unknown,Action_PreSnap,640.39,446.36,727.41,550.52,87.01999999999998,104.15999999999997,xml_geometry_csv_action
BootPass_49,23,16,16,Position_Unknown,Team_Unknown,Action_PreSnap,583.11,514.24,662.5,637.63,79.38999999999999,123.38999999999999,xml_geometry_csv_action
BootPass_49,23,17,17,Position_Unknown,Team_Unknown,Action_PreSnap,753.86,494.24,869.96,587.74,116.10000000000002,93.5,xml_geometry_csv_action
BootPass_49,23,18,18,Position_Unknown,Team_Unknown,Action_PreSnap,594.91,478.58,683.28,584.76,88.37,106.18,xml_geometry_csv_action
BootPass_49,23,19,19,Position_Unknown,Team_Unknown,Action_PreSnap,544.88,376.46,639.37,467.63,94.49000000000001,91.17000000000002,xml_geometry_csv_action
BootPass_49,23,2,2,Position_Unknown,Team_Unknown,Action_PreSnap,425.82,329.62,500.9,482.38,75.07999999999998,152.76,xml_geometry_csv_action
BootPass_49,23,20,20,Position_Unknown,Team_Unknown,Action_PreSnap,575.83,424.44,648.6,517.91,72.76999999999998,93.46999999999997,xml_geometry_csv_action
BootPass_49,23,3,3,Position_Unknown,Team_Unknown,Action_PreSnap,1645.26,479.49,1730.35,645.13,85.08999999999992,165.64,xml_geometry_csv_action
BootPass_49,23,4,4,Position_Unknown,Team_Unknown,Action_PreSnap,732.15,322.29,821.0,432.2,88.85000000000002,109.90999999999997,xml_geometry_csv_action
BootPass_49,23,5,5,Position_Unknown,Team_Unknown,Action_PreSnap,765.96,547.52,879.48,655.57,113.51999999999998,108.05000000000007,xml_geometry_csv_action
BootPass_49,23,6,6,Position_Unknown,Team_Unknown,Action_PreSnap,903.13,566.77,983.05,721.65,79.91999999999996,154.88,xml_geometry_csv_action
BootPass_49,23,7,7,Position_Unknown,Team_Unknown,Action_PreSnap,564.99,253.79,643.59,395.16,78.60000000000002,141.37000000000003,xml_geometry_csv_action
BootPass_49,23,8,8,Position_Unknown,Team_Unknown,Action_PreSnap,518.82,537.94,600.53,688.95,81.70999999999992,151.01,xml_geometry_csv_action
BootPass_49,23,9,9,Position_Unknown,Team_Unknown,Action_PreSnap,1025.63,376.24,1098.89,494.51,73.25999999999999,118.26999999999998,xml_geometry_csv_action
BootPass_49,24,0,0,Position_Unknown,Team_Unknown,Action_PreSnap,740.02,425.29,857.6,506.6,117.58000000000004,81.31,xml_geometry_csv_action
BootPass_49,24,1,1,Position_Unknown,Team_Unknown,Action_PreSnap,628.13,606.87,731.83,773.97,103.70000000000005,167.10000000000002,xml_geometry_csv_action
BootPass_49,24,10,10,Position_Unknown,Team_Unknown,Action_PreSnap,1585.76,287.54,1645.94,445.02,60.180000000000064,157.47999999999996,xml_geometry_csv_action
BootPass_49,24,11,11,Position_Unknown,Team_Unknown,Action_PreSnap,1040.03,467.17,1115.69,609.41,75.66000000000008,142.23999999999995,xml_geometry_csv_action
BootPass_49,24,12,12,Position_Unknown,Team_Unknown,Action_PreSnap,121.65,438.1,199.37,582.09,77.72,143.99,xml_geometry_csv_action
BootPass_49,24,13,13,Position_Unknown,Team_Unknown,Action_PreSnap,1145.5,143.78,1213.86,289.15,68.3599999999999,145.36999999999998,xml_geometry_csv_action
BootPass_49,24,14,14,Position_Unknown,Team_Unknown,Action_PreSnap,1378.2,638.62,1445.74,812.75,67.53999999999996,174.13,xml_geometry_csv_action
BootPass_49,24,15,15,Position_Unknown,Team_Unknown,Action_PreSnap,639.8,446.24,727.03,550.45,87.23000000000002,104.21000000000004,xml_geometry_csv_action
BootPass_49,24,16,16,Position_Unknown,Team_Unknown,Action_PreSnap,582.94,514.1,661.75,637.35,78.80999999999995,123.25,xml_geometry_csv_action
BootPass_49,24,17,17,Position_Unknown,Team_Unknown,Action_PreSnap,753.19,494.02,869.61,588.22,116.41999999999996,94.20000000000005,xml_geometry_csv_action
BootPass_49,24,18,18,Position_Unknown,Team_Unknown,Action_PreSnap,594.36,478.3,682.27,584.99,87.90999999999997,106.69,xml_geometry_csv_action
BootPass_49,24,19,19,Position_Unknown,Team_Unknown,Action_PreSnap,544.71,376.63,639.02,467.48,94.30999999999995,90.85000000000002,xml_geometry_csv_action
BootPass_49,24,2,2,Position_Unknown,Team_Unknown,Action_PreSnap,425.53,329.5,500.64,482.39,75.11000000000001,152.89,xml_geometry_csv_action
BootPass_49,24,20,20,Position_Unknown,Team_Unknown,Action_PreSnap,575.43,424.62,647.46,518.26,72.03000000000009,93.63999999999999,xml_geometry_csv_action
BootPass_49,24,21,21,Position_Unknown,Team_Unknown,Action_PreSnap,584.56,413.27,667.52,475.13,82.96000000000004,61.860000000000014,xml_geometry_csv_action
BootPass_49,24,3,3,Position_Unknown,Team_Unknown,Action_PreSnap,1647.25,481.12,1730.37,645.03,83.11999999999989,163.90999999999997,xml_geometry_csv_action
BootPass_49,24,4,4,Position_Unknown,Team_Unknown,Action_PreSnap,731.73,322.49,820.98,432.04,89.25,109.55000000000001,xml_geometry_csv_action
BootPass_49,24,5,5,Position_Unknown,Team_Unknown,Action_PreSnap,765.94,547.45,879.21,655.14,113.26999999999998,107.68999999999994,xml_geometry_csv_action
BootPass_49,24,6,6,Position_Unknown,Team_Unknown,Action_PreSnap,902.21,567.01,982.54,721.45,80.32999999999993,154.44000000000005,xml_geometry_csv_action
BootPass_49,24,7,7,Position_Unknown,Team_Unknown,Action_PreSnap,564.71,253.96,643.42,395.0,78.70999999999992,141.04,xml_geometry_csv_action
BootPass_49,24,8,8,Position_Unknown,Team_Unknown,Action_PreSnap,518.68,537.9,600.28,689.04,81.60000000000002,151.14,xml_geometry_csv_action
BootPass_49,24,9,9,Position_Unknown,Team_Unknown,Action_PreSnap,1025.25,376.27,1098.31,493.96,73.05999999999995,117.69,xml_geometry_csv_action
BootPass_49,25,0,0,Position_Unknown,Team_Unknown,Action_PreSnap,740.67,425.34,856.84,506.57,116.17000000000007,81.23000000000002,xml_geometry_csv_action
BootPass_49,25,1,1,Position_Unknown,Team_Unknown,Action_PreSnap,628.4,606.8,732.05,774.13,103.64999999999998,167.33000000000004,xml_geometry_csv_action
BootPass_49,25,10,10,Position_Unknown,Team_Unknown,Action_PreSnap,1587.28,286.93,1647.05,445.18,59.76999999999998,158.25,xml_geometry_csv_action
BootPass_49,25,11,11,Position_Unknown,Team_Unknown,Action_PreSnap,1040.36,467.16,1115.88,609.27,75.52000000000021,142.10999999999996,xml_geometry_csv_action
BootPass_49,25,12,12,Position_Unknown,Team_Unknown,Action_PreSnap,122.01,438.15,199.61,582.11,77.60000000000001,143.96000000000004,xml_geometry_csv_action
BootPass_49,25,13,13,Position_Unknown,Team_Unknown,Action_PreSnap,1144.41,143.52,1213.6,289.15,69.18999999999983,145.62999999999997,xml_geometry_csv_action
BootPass_49,25,14,14,Position_Unknown,Team_Unknown,Action_PreSnap,1380.23,638.81,1447.43,812.78,67.20000000000005,173.97000000000003,xml_geometry_csv_action
BootPass_49,25,15,15,Position_Unknown,Team_Unknown,Action_PreSnap,640.19,446.06,727.5,550.22,87.30999999999995,104.16000000000003,xml_geometry_csv_action
BootPass_49,25,16,16,Position_Unknown,Team_Unknown,Action_PreSnap,583.37,514.03,662.48,637.44,79.11000000000001,123.41000000000008,xml_geometry_csv_action
BootPass_49,25,17,17,Position_Unknown,Team_Unknown,Action_PreSnap,753.66,493.84,869.89,590.58,116.23000000000002,96.74000000000007,xml_geometry_csv_action
BootPass_49,25,18,18,Position_Unknown,Team_Unknown,Action_PreSnap,594.93,478.27,682.94,584.74,88.0100000000001,106.47000000000003,xml_geometry_csv_action
BootPass_49,25,19,19,Position_Unknown,Team_Unknown,Action_PreSnap,544.67,376.29,639.52,467.86,94.85000000000002,91.57,xml_geometry_csv_action
BootPass_49,25,2,2,Position_Unknown,Team_Unknown,Action_PreSnap,425.71,329.34,500.98,482.33,75.27000000000004,152.99,xml_geometry_csv_action
BootPass_49,25,20,20,Position_Unknown,Team_Unknown,Action_PreSnap,575.76,424.64,647.84,518.0,72.08000000000004,93.36000000000001,xml_geometry_csv_action
BootPass_49,25,21,21,Position_Unknown,Team_Unknown,Action_PreSnap,585.02,413.37,667.75,475.43,82.73000000000002,62.06,xml_geometry_csv_action
BootPass_49,25,3,3,Position_Unknown,Team_Unknown,Action_PreSnap,1649.44,482.39,1730.74,645.07,81.29999999999995,162.68000000000006,xml_geometry_csv_action
BootPass_49,25,4,4,Position_Unknown,Team_Unknown,Action_PreSnap,731.91,322.68,821.47,432.22,89.56000000000006,109.54000000000002,xml_geometry_csv_action
BootPass_49,25,5,5,Position_Unknown,Team_Unknown,Action_PreSnap,766.45,547.5,879.41,655.19,112.95999999999992,107.69000000000005,xml_geometry_csv_action
BootPass_49,25,6,6,Position_Unknown,Team_Unknown,Action_PreSnap,901.85,567.13,982.9,721.38,81.04999999999995,154.25,xml_geometry_csv_action
BootPass_49,25,7,7,Position_Unknown,Team_Unknown,Action_PreSnap,565.07,253.7,644.08,395.04,79.00999999999999,141.34000000000003,xml_geometry_csv_action
BootPass_49,25,8,8,Position_Unknown,Team_Unknown,Action_PreSnap,518.91,538.02,600.79,689.05,81.88,151.02999999999997,xml_geometry_csv_action
BootPass_49,25,9,9,Position_Unknown,Team_Unknown,Action_PreSnap,1025.57,376.27,1098.76,493.85,73.19000000000005,117.58000000000004,xml_geometry_csv_action
BootPass_49,26,0,0,Position_Unknown,Team_Unknown,Action_PreSnap,740.73,425.38,856.45,506.58,115.72000000000003,81.19999999999999,xml_geometry_csv_action
BootPass_49,26,1,1,Position_Unknown,Team_Unknown,Action_PreSnap,628.36,606.81,731.83,774.21,103.47000000000003,167.4000000000001,xml_geometry_csv_action
BootPass_49,26,10,10,Position_Unknown,Team_Unknown,Action_PreSnap,1587.69,286.72,1647.3,445.25,59.6099999999999,158.52999999999997,xml_geometry_csv_action
BootPass_49,26,11,11,Position_Unknown,Team_Unknown,Action_PreSnap,1040.33,467.2,1115.78,609.26,75.45000000000005,142.06,xml_geometry_csv_action
BootPass_49,26,12,12,Position_Unknown,Team_Unknown,Action_PreSnap,122.19,438.2,199.55,582.14,77.36000000000001,143.94,xml_geometry_csv_action
BootPass_49,26,13,13,Position_Unknown,Team_Unknown,Action_PreSnap,1143.9,143.44,1213.39,289.2,69.49000000000001,145.76,xml_geometry_csv_action
BootPass_49,26,14,14,Position_Unknown,Team_Unknown,Action_PreSnap,1380.83,638.9,1447.92,812.84,67.09000000000015,173.94000000000005,xml_geometry_csv_action
BootPass_49,26,15,15,Position_Unknown,Team_Unknown,Action_PreSnap,640.21,446.03,727.49,550.18,87.27999999999997,104.14999999999998,xml_geometry_csv_action
BootPass_49,26,16,16,Position_Unknown,Team_Unknown,Action_PreSnap,583.37,514.04,662.57,637.5,79.20000000000005,123.46000000000004,xml_geometry_csv_action
BootPass_49,26,17,17,Position_Unknown,Team_Unknown,Action_PreSnap,753.68,493.8,869.86,591.39,116.18000000000006,97.58999999999997,xml_geometry_csv_action
BootPass_49,26,18,18,Position_Unknown,Team_Unknown,Action_PreSnap,595.0,478.29,683.02,584.68,88.01999999999998,106.38999999999993,xml_geometry_csv_action
BootPass_49,26,19,19,Position_Unknown,Team_Unknown,Action_PreSnap,544.47,376.19,639.58,468.02,95.11000000000001,91.82999999999998,xml_geometry_csv_action
BootPass_49,26,2,2,Position_Unknown,Team_Unknown,Action_PreSnap,425.65,329.3,500.97,482.32,75.32000000000005,153.01999999999998,xml_geometry_csv_action
BootPass_49,26,20,20,Position_Unknown,Team_Unknown,Action_PreSnap,575.73,424.66,647.81,517.94,72.07999999999993,93.28000000000003,xml_geometry_csv_action
BootPass_49,26,21,21,Position_Unknown,Team_Unknown,Action_PreSnap,585.03,413.43,667.69,475.52,82.66000000000008,62.089999999999975,xml_geometry_csv_action
BootPass_49,26,3,3,Position_Unknown,Team_Unknown,Action_PreSnap,1650.0,482.79,1730.63,645.03,80.63000000000011,162.23999999999995,xml_geometry_csv_action
BootPass_49,26,4,4,Position_Unknown,Team_Unknown,Action_PreSnap,731.84,322.8,821.53,432.3,89.68999999999994,109.5,xml_geometry_csv_action
BootPass_49,26,5,5,Position_Unknown,Team_Unknown,Action_PreSnap,766.48,547.6,879.33,655.24,112.85000000000002,107.63999999999999,xml_geometry_csv_action
BootPass_49,26,6,6,Position_Unknown,Team_Unknown,Action_PreSnap,901.62,567.21,982.93,721.43,81.30999999999995,154.2199999999999,xml_geometry_csv_action
BootPass_49,26,7,7,Position_Unknown,Team_Unknown,Action_PreSnap,565.07,253.68,644.13,395.04,79.05999999999995,141.36,xml_geometry_csv_action
BootPass_49,26,8,8,Position_Unknown,Team_Unknown,Action_PreSnap,518.8,538.09,600.79,689.09,81.99000000000001,151.0,xml_geometry_csv_action
BootPass_49,26,9,9,Position_Unknown,Team_Unknown,Action_PreSnap,1025.52,376.25,1098.76,493.85,73.24000000000001,117.60000000000002,xml_geometry_csv_action
BootPass_49,27,0,0,Position_Unknown,Team_Unknown,Action_PreSnap,739.56,425.24,855.97,506.33,116.41000000000008,81.08999999999997,xml_geometry_csv_action
BootPass_49,27,1,1,Position_Unknown,Team_Unknown,Action_PreSnap,626.86,606.71,730.48,774.04,103.62,167.32999999999993,xml_geometry_csv_action
BootPass_49,27,10,10,Position_Unknown,Team_Unknown,Action_PreSnap,1588.4,286.08,1648.29,444.87,59.88999999999987,158.79000000000002,xml_geometry_csv_action
BootPass_49,27,11,11,Position_Unknown,Team_Unknown,Action_PreSnap,1039.83,466.51,1114.89,609.08,75.06000000000017,142.57000000000005,xml_geometry_csv_action
BootPass_49,27,12,12,Position_Unknown,Team_Unknown,Action_PreSnap,120.74,438.05,198.44,582.0,77.7,143.95,xml_geometry_csv_action
BootPass_49,27,13,13,Position_Unknown,Team_Unknown,Action_PreSnap,1142.5,142.99,1211.34,289.16,68.83999999999992,146.17000000000002,xml_geometry_csv_action
BootPass_49,27,14,14,Position_Unknown,Team_Unknown,Action_PreSnap,1381.7,638.83,1447.77,812.37,66.06999999999994,173.53999999999996,xml_geometry_csv_action
BootPass_49,27,15,15,Position_Unknown,Team_Unknown,Action_PreSnap,639.01,445.65,726.31,550.25,87.29999999999995,104.60000000000002,xml_geometry_csv_action
BootPass_49,27,16,16,Position_Unknown,Team_Unknown,Action_PreSnap,582.33,513.86,661.39,637.64,79.05999999999995,123.77999999999997,xml_geometry_csv_action
BootPass_49,27,17,17,Position_Unknown,Team_Unknown,Action_PreSnap,752.36,494.13,869.15,590.13,116.78999999999996,96.0,xml_geometry_csv_action
BootPass_49,27,18,18,Position_Unknown,Team_Unknown,Action_PreSnap,593.63,477.72,681.61,584.76,87.98000000000002,107.03999999999996,xml_geometry_csv_action
BootPass_49,27,19,19,Position_Unknown,Team_Unknown,Action_PreSnap,543.66,376.4,638.62,467.12,94.96000000000004,90.72000000000003,xml_geometry_csv_action
BootPass_49,27,2,2,Position_Unknown,Team_Unknown,Action_PreSnap,424.75,329.17,500.16,482.07,75.41000000000003,152.89999999999998,xml_geometry_csv_action
BootPass_49,27,20,20,Position_Unknown,Team_Unknown,Action_PreSnap,574.79,424.79,646.05,518.41,71.25999999999999,93.61999999999995,xml_geometry_csv_action
BootPass_49,27,21,21,Position_Unknown,Team_Unknown,Action_PreSnap,583.79,413.47,666.09,474.69,82.30000000000007,61.21999999999997,xml_geometry_csv_action
BootPass_49,27,3,3,Position_Unknown,Team_Unknown,Action_PreSnap,1650.65,484.27,1728.91,644.81,78.25999999999999,160.53999999999996,xml_geometry_csv_action
BootPass_49,27,4,4,Position_Unknown,Team_Unknown,Action_PreSnap,730.1,322.71,820.12,432.18,90.01999999999998,109.47000000000003,xml_geometry_csv_action
BootPass_49,27,5,5,Position_Unknown,Team_Unknown,Action_PreSnap,764.87,547.55,878.26,655.16,113.38999999999999,107.61000000000001,xml_geometry_csv_action
BootPass_49,27,6,6,Position_Unknown,Team_Unknown,Action_PreSnap,900.45,567.54,981.75,720.79,81.29999999999995,153.25,xml_geometry_csv_action
BootPass_49,27,7,7,Position_Unknown,Team_Unknown,Action_PreSnap,563.98,253.69,643.27,394.98,79.28999999999996,141.29000000000002,xml_geometry_csv_action
BootPass_49,27,8,8,Position_Unknown,Team_Unknown,Action_PreSnap,517.78,538.15,599.73,688.81,81.95000000000005,150.65999999999997,xml_geometry_csv_action
BootPass_49,27,9,9,Position_Unknown,Team_Unknown,Action_PreSnap,1024.83,376.11,1097.77,493.39,72.94000000000005,117.27999999999997,xml_geometry_csv_action
BootPass_49,28,0,0,Position_Unknown,Team_Unknown,Action_PreSnap,740.1,424.97,857.52,505.86,117.41999999999996,80.88999999999999,xml_geometry_csv_action
BootPass_49,28,1,1,Position_Unknown,Team_Unknown,Action_PreSnap,627.32,606.36,731.39,773.78,104.06999999999994,167.41999999999996,xml_geometry_csv_action
BootPass_49,28,10,10,Position_Unknown,Team_Unknown,Action_PreSnap,1590.59,285.65,1651.09,444.93,60.5,159.28000000000003,xml_geometry_csv_action
BootPass_49,28,11,11,Position_Unknown,Team_Unknown,Action_PreSnap,1040.44,466.12,1115.48,608.93,75.03999999999996,142.80999999999995,xml_geometry_csv_action
BootPass_49,28,12,12,Position_Unknown,Team_Unknown,Action_PreSnap,121.01,437.82,198.89,581.54,77.87999999999998,143.71999999999997,xml_geometry_csv_action
BootPass_49,28,13,13,Position_Unknown,Team_Unknown,Action_PreSnap,1142.68,142.23,1211.04,288.78,68.3599999999999,146.54999999999998,xml_geometry_csv_action
BootPass_49,28,14,14,Position_Unknown,Team_Unknown,Action_PreSnap,1383.48,638.75,1451.02,811.74,67.53999999999996,172.99,xml_geometry_csv_action
BootPass_49,28,15,15,Position_Unknown,Team_Unknown,Action_PreSnap,639.76,445.63,726.83,549.88,87.07000000000005,104.25,xml_geometry_csv_action
BootPass_49,28,16,16,Position_Unknown,Team_Unknown,Action_PreSnap,582.8,513.37,661.85,637.19,79.05000000000007,123.82000000000005,xml_geometry_csv_action
BootPass_49,28,17,17,Position_Unknown,Team_Unknown,Action_PreSnap,752.8,493.78,869.46,588.02,116.66000000000008,94.24000000000001,xml_geometry_csv_action
BootPass_49,28,18,18,Position_Unknown,Team_Unknown,Action_PreSnap,594.04,477.45,681.9,584.35,87.86000000000001,106.90000000000003,xml_geometry_csv_action
BootPass_49,28,19,19,Position_Unknown,Team_Unknown,Action_PreSnap,544.21,376.41,639.03,466.35,94.81999999999994,89.94,xml_geometry_csv_action
BootPass_49,28,2,2,Position_Unknown,Team_Unknown,Action_PreSnap,425.37,329.01,500.58,481.78,75.20999999999998,152.76999999999998,xml_geometry_csv_action
BootPass_49,28,20,20,Position_Unknown,Team_Unknown,Action_PreSnap,575.13,424.59,646.07,518.25,70.94000000000005,93.66000000000003,xml_geometry_csv_action
BootPass_49,28,21,21,Position_Unknown,Team_Unknown,Action_PreSnap,584.41,413.32,666.49,474.27,82.08000000000004,60.94999999999999,xml_geometry_csv_action
BootPass_49,28,3,3,Position_Unknown,Team_Unknown,Action_PreSnap,1651.87,485.41,1728.76,644.33,76.8900000000001,158.92000000000002,xml_geometry_csv_action
BootPass_49,28,4,4,Position_Unknown,Team_Unknown,Action_PreSnap,730.1,322.69,820.45,431.9,90.35000000000002,109.20999999999998,xml_geometry_csv_action
BootPass_49,28,5,5,Position_Unknown,Team_Unknown,Action_PreSnap,765.21,547.34,878.77,654.88,113.55999999999995,107.53999999999996,xml_geometry_csv_action
BootPass_49,28,6,6,Position_Unknown,Team_Unknown,Action_PreSnap,900.7,567.57,981.95,720.56,81.25,152.9899999999999,xml_geometry_csv_action
BootPass_49,28,7,7,Position_Unknown,Team_Unknown,Action_PreSnap,564.55,253.49,643.95,394.71,79.40000000000009,141.21999999999997,xml_geometry_csv_action
BootPass_49,28,8,8,Position_Unknown,Team_Unknown,Action_PreSnap,518.33,537.95,600.18,688.58,81.84999999999991,150.63,xml_geometry_csv_action
BootPass_49,28,9,9,Position_Unknown,Team_Unknown,Action_PreSnap,1025.46,375.97,1098.3,493.2,72.83999999999992,117.22999999999996,xml_geometry_csv_action
BootPass_49,29,0,0,Position_Unknown,Team_Unknown,Action_PreSnap,740.4,424.87,858.59,505.63,118.19000000000005,80.75999999999999,xml_geometry_csv_action
BootPass_49,29,1,1,Position_Unknown,Team_Unknown,Action_PreSnap,627.45,606.41,731.54,773.86,104.08999999999992,167.45000000000005,xml_geometry_csv_action
BootPass_49,29,10,10,Position_Unknown,Team_Unknown,Action_PreSnap,1592.14,285.46,1653.44,445.11,61.299999999999955,159.65000000000003,xml_geometry_csv_action
BootPass_49,29,11,11,Position_Unknown,Team_Unknown,Action_PreSnap,1040.91,466.0,1115.75,608.91,74.83999999999992,142.90999999999997,xml_geometry_csv_action
BootPass_49,29,12,12,Position_Unknown,Team_Unknown,Action_PreSnap,121.29,437.67,199.17,581.31,77.87999999999998,143.63999999999993,xml_geometry_csv_action
BootPass_49,29,13,13,Position_Unknown,Team_Unknown,Action_PreSnap,1142.65,141.97,1210.83,288.56,68.17999999999984,146.59,xml_geometry_csv_action
BootPass_49,29,14,14,Position_Unknown,Team_Unknown,Action_PreSnap,1385.81,638.94,1454.2,811.74,68.3900000000001,172.79999999999995,xml_geometry_csv_action
BootPass_49,29,15,15,Position_Unknown,Team_Unknown,Action_PreSnap,640.19,445.73,727.22,549.86,87.02999999999997,104.13,xml_geometry_csv_action
BootPass_49,29,16,16,Position_Unknown,Team_Unknown,Action_PreSnap,582.93,513.11,662.22,637.26,79.29000000000008,124.14999999999998,xml_geometry_csv_action
BootPass_49,29,17,17,Position_Unknown,Team_Unknown,Action_PreSnap,752.89,493.65,869.53,588.22,116.63999999999999,94.57000000000005,xml_geometry_csv_action
BootPass_49,29,18,18,Position_Unknown,Team_Unknown,Action_PreSnap,594.24,477.38,681.94,584.27,87.70000000000005,106.88999999999999,xml_geometry_csv_action
BootPass_49,29,19,19,Position_Unknown,Team_Unknown,Action_PreSnap,544.26,376.27,638.95,466.59,94.69000000000005,90.32,xml_geometry_csv_action
BootPass_49,29,2,2,Position_Unknown,Team_Unknown,Action_PreSnap,425.66,328.73,500.87,481.66,75.20999999999998,152.93,xml_geometry_csv_action
BootPass_49,29,20,20,Position_Unknown,Team_Unknown,Action_PreSnap,575.27,424.55,646.69,518.12,71.42000000000007,93.57,xml_geometry_csv_action
BootPass_49,29,21,21,Position_Unknown,Team_Unknown,Action_PreSnap,584.58,413.34,667.19,474.66,82.61000000000001,61.32000000000005,xml_geometry_csv_action
BootPass_49,29,3,3,Position_Unknown,Team_Unknown,Action_PreSnap,1652.99,486.87,1729.4,644.63,76.41000000000008,157.76,xml_geometry_csv_action
BootPass_49,29,4,4,Position_Unknown,Team_Unknown,Action_PreSnap,730.06,322.72,820.55,431.57,90.49000000000001,108.84999999999997,xml_geometry_csv_action
BootPass_49,29,5,5,Position_Unknown,Team_Unknown,Action_PreSnap,765.59,547.46,878.95,654.86,113.36000000000001,107.39999999999998,xml_geometry_csv_action
BootPass_49,29,6,6,Position_Unknown,Team_Unknown,Action_PreSnap,900.79,567.77,981.91,720.55,81.12,152.77999999999997,xml_geometry_csv_action
BootPass_49,29,7,7,Position_Unknown,Team_Unknown,Action_PreSnap,564.78,253.19,644.23,394.54,79.45000000000005,141.35000000000002,xml_geometry_csv_action
BootPass_49,29,8,8,Position_Unknown,Team_Unknown,Action_PreSnap,518.6,537.96,600.34,688.72,81.74000000000001,150.76,xml_geometry_csv_action
BootPass_49,29,9,9,Position_Unknown,Team_Unknown,Action_PreSnap,1025.86,375.93,1098.49,493.32,72.63000000000011,117.38999999999999,xml_geometry_csv_action
BootPass_49,30,0,0,Position_Unknown,Team_Unknown,Action_PreSnap,740.53,424.97,859.25,505.68,118.72000000000003,80.70999999999998,xml_geometry_csv_action
BootPass_49,30,1,1,Position_Unknown,Team_Unknown,Action_PreSnap,627.88,606.56,731.72,774.06,103.84000000000003,167.5,xml_geometry_csv_action
BootPass_49,30,10,10,Position_Unknown,Team_Unknown,Action_PreSnap,1593.4,285.31,1655.14,444.92,61.74000000000001,159.61,xml_geometry_csv_action
BootPass_49,30,11,11,Position_Unknown,Team_Unknown,Action_PreSnap,1041.17,465.9,1115.85,609.12,74.67999999999984,143.22000000000003,xml_geometry_csv_action
BootPass_49,30,12,12,Position_Unknown,Team_Unknown,Action_PreSnap,121.63,437.73,199.48,581.5,77.85,143.76999999999998,xml_geometry_csv_action
BootPass_49,30,13,13,Position_Unknown,Team_Unknown,Action_PreSnap,1141.87,142.06,1210.18,288.07,68.31000000000017,146.01,xml_geometry_csv_action
BootPass_49,30,14,14,Position_Unknown,Team_Unknown,Action_PreSnap,1387.34,639.68,1457.16,811.8,69.82000000000016,172.12,xml_geometry_csv_action
BootPass_49,30,15,15,Position_Unknown,Team_Unknown,Action_PreSnap,640.45,445.96,727.43,550.08,86.9799999999999,104.12000000000006,xml_geometry_csv_action
BootPass_49,30,16,16,Position_Unknown,Team_Unknown,Action_PreSnap,583.15,513.11,662.46,637.2,79.31000000000006,124.09000000000003,xml_geometry_csv_action
BootPass_49,30,17,17,Position_Unknown,Team_Unknown,Action_PreSnap,753.0,493.7,869.57,588.54,116.57000000000005,94.83999999999997,xml_geometry_csv_action
BootPass_49,30,18,18,Position_Unknown,Team_Unknown,Action_PreSnap,594.45,477.56,682.02,584.39,87.56999999999994,106.82999999999998,xml_geometry_csv_action
BootPass_49,30,19,19,Position_Unknown,Team_Unknown,Action_PreSnap,544.47,376.38,639.13,466.71,94.65999999999997,90.32999999999998,xml_geometry_csv_action
BootPass_49,30,2,2,Position_Unknown,Team_Unknown,Action_PreSnap,425.72,328.92,501.12,481.67,75.39999999999998,152.75,xml_geometry_csv_action
BootPass_49,30,20,20,Position_Unknown,Team_Unknown,Action_PreSnap,575.26,425.06,646.84,517.33,71.58000000000004,92.27000000000004,xml_geometry_csv_action
BootPass_49,30,21,21,Position_Unknown,Team_Unknown,Action_PreSnap,584.82,413.58,667.63,474.97,82.80999999999995,61.39000000000004,xml_geometry_csv_action
BootPass_49,30,3,3,Position_Unknown,Team_Unknown,Action_PreSnap,1653.84,488.1,1730.01,644.77,76.17000000000007,156.66999999999996,xml_geometry_csv_action
BootPass_49,30,4,4,Position_Unknown,Team_Unknown,Action_PreSnap,730.06,322.93,820.54,431.8,90.48000000000002,108.87,xml_geometry_csv_action
BootPass_49,30,5,5,Position_Unknown,Team_Unknown,Action_PreSnap,765.74,547.58,879.16,655.08,113.41999999999996,107.5,xml_geometry_csv_action
BootPass_49,30,6,6,Position_Unknown,Team_Unknown,Action_PreSnap,900.94,568.22,982.11,720.93,81.16999999999996,152.70999999999992,xml_geometry_csv_action
BootPass_49,30,7,7,Position_Unknown,Team_Unknown,Action_PreSnap,564.79,253.25,644.24,394.82,79.45000000000005,141.57,xml_geometry_csv_action
BootPass_49,30,8,8,Position_Unknown,Team_Unknown,Action_PreSnap,518.83,537.92,600.81,689.03,81.9799999999999,151.11,xml_geometry_csv_action
BootPass_49,30,9,9,Position_Unknown,Team_Unknown,Action_PreSnap,1026.04,375.86,1098.76,493.25,72.72000000000003,117.38999999999999,xml_geometry_csv_action
BootPass_49,31,0,0,Position_Unknown,Team_Unknown,Action_PreSnap,741.52,425.09,859.79,505.62,118.26999999999998,80.53000000000003,xml_geometry_csv_action
BootPass_49,31,1,1,Position_Unknown,Team_Unknown,Action_PreSnap,628.6,606.53,732.04,774.24,103.43999999999994,167.71000000000004,xml_geometry_csv_action
BootPass_49,31,10,10,Position_Unknown,Team_Unknown,Action_PreSnap,1595.54,285.03,1657.59,444.29,62.049999999999955,159.26000000000005,xml_geometry_csv_action
BootPass_49,31,11,11,Position_Unknown,Team_Unknown,Action_PreSnap,1042.04,466.0,1116.5,609.23,74.46000000000004,143.23000000000002,xml_geometry_csv_action
BootPass_49,31,12,12,Position_Unknown,Team_Unknown,Action_PreSnap,122.13,437.68,199.82,581.57,77.69,143.89000000000004,xml_geometry_csv_action
BootPass_49,31,13,13,Position_Unknown,Team_Unknown,Action_PreSnap,1141.49,141.63,1209.55,287.63,68.05999999999995,146.0,xml_geometry_csv_action
BootPass_49,31,14,14,Position_Unknown,Team_Unknown,Action_PreSnap,1389.31,640.71,1460.34,811.86,71.02999999999997,171.14999999999998,xml_geometry_csv_action
BootPass_49,31,15,15,Position_Unknown,Team_Unknown,Action_PreSnap,641.24,445.9,727.8,550.05,86.55999999999995,104.14999999999998,xml_geometry_csv_action
BootPass_49,31,16,16,Position_Unknown,Team_Unknown,Action_PreSnap,583.82,512.9,662.89,636.96,79.06999999999994,124.06000000000006,xml_geometry_csv_action
BootPass_49,31,17,17,Position_Unknown,Team_Unknown,Action_PreSnap,753.74,493.54,870.27,590.59,116.52999999999997,97.05000000000001,xml_geometry_csv_action
BootPass_49,31,18,18,Position_Unknown,Team_Unknown,Action_PreSnap,595.08,477.91,683.14,584.31,88.05999999999995,106.39999999999992,xml_geometry_csv_action
BootPass_49,31,19,19,Position_Unknown,Team_Unknown,Action_PreSnap,544.6,376.31,639.56,466.77,94.95999999999992,90.45999999999998,xml_geometry_csv_action
BootPass_49,31,2,2,Position_Unknown,Team_Unknown,Action_PreSnap,426.16,328.94,501.77,481.68,75.60999999999996,152.74,xml_geometry_csv_action
BootPass_49,31,20,20,Position_Unknown,Team_Unknown,Action_PreSnap,575.78,425.41,647.44,516.94,71.66000000000008,91.53000000000003,xml_geometry_csv_action
BootPass_49,31,21,21,Position_Unknown,Team_Unknown,Action_PreSnap,585.36,413.62,668.54,475.19,83.17999999999995,61.56999999999999,xml_geometry_csv_action
BootPass_49,31,3,3,Position_Unknown,Team_Unknown,Action_PreSnap,1654.35,489.37,1730.87,644.78,76.51999999999998,155.40999999999997,xml_geometry_csv_action
BootPass_49,31,4,4,Position_Unknown,Team_Unknown,Action_PreSnap,730.27,323.05,821.06,431.74,90.78999999999996,108.69,xml_geometry_csv_action
BootPass_49,31,5,5,Position_Unknown,Team_Unknown,Action_PreSnap,766.32,547.58,879.4,655.02,113.07999999999993,107.43999999999994,xml_geometry_csv_action
BootPass_49,31,6,6,Position_Unknown,Team_Unknown,Action_PreSnap,901.08,568.47,982.5,721.04,81.41999999999996,152.56999999999994,xml_geometry_csv_action
BootPass_49,31,7,7,Position_Unknown,Team_Unknown,Action_PreSnap,564.95,253.11,644.59,394.97,79.63999999999999,141.86,xml_geometry_csv_action
BootPass_49,31,8,8,Position_Unknown,Team_Unknown,Action_PreSnap,519.5,537.91,601.36,689.01,81.86000000000001,151.10000000000002,xml_geometry_csv_action
BootPass_49,31,9,9,Position_Unknown,Team_Unknown,Action_PreSnap,1026.73,375.61,1099.23,493.13,72.5,117.51999999999998,xml_geometry_csv_action
BootPass_49,32,0,0,Position_Unknown,Team_Unknown,Action_PreSnap,741.66,425.0,859.58,505.77,117.92000000000007,80.76999999999998,xml_geometry_csv_action
BootPass_49,32,1,1,Position_Unknown,Team_Unknown,Action_PreSnap,628.6,606.5,731.99,774.18,103.38999999999999,167.67999999999995,xml_geometry_csv_action
BootPass_49,32,10,10,Position_Unknown,Team_Unknown,Action_PreSnap,1596.03,284.74,1657.99,444.36,61.960000000000036,159.62,xml_geometry_csv_action
BootPass_49,32,11,11,Position_Unknown,Team_Unknown,Action_PreSnap,1041.96,466.51,1116.41,609.41,74.45000000000005,142.89999999999998,xml_geometry_csv_action
BootPass_49,32,12,12,Position_Unknown,Team_Unknown,Action_PreSnap,122.37,437.84,199.5,581.84,77.13,144.00000000000006,xml_geometry_csv_action
BootPass_49,32,13,13,Position_Unknown,Team_Unknown,Action_PreSnap,1140.21,141.45,1208.78,287.75,68.56999999999994,146.3,xml_geometry_csv_action
BootPass_49,32,14,14,Position_Unknown,Team_Unknown,Action_PreSnap,1391.04,641.81,1465.08,811.59,74.03999999999996,169.7800000000001,xml_geometry_csv_action
BootPass_49,32,15,15,Position_Unknown,Team_Unknown,Action_PreSnap,641.13,445.94,727.8,550.24,86.66999999999996,104.30000000000001,xml_geometry_csv_action
BootPass_49,32,16,16,Position_Unknown,Team_Unknown,Action_PreSnap,583.75,512.94,662.75,636.75,79.0,123.80999999999995,xml_geometry_csv_action
BootPass_49,32,17,17,Position_Unknown,Team_Unknown,Action_PreSnap,753.71,493.66,869.92,590.37,116.20999999999992,96.70999999999998,xml_geometry_csv_action
BootPass_49,32,18,18,Position_Unknown,Team_Unknown,Action_PreSnap,594.9,477.95,682.96,584.4,88.06000000000006,106.44999999999999,xml_geometry_csv_action
BootPass_49,32,19,19,Position_Unknown,Team_Unknown,Action_PreSnap,544.45,376.35,639.39,466.78,94.93999999999994,90.42999999999995,xml_geometry_csv_action
BootPass_49,32,2,2,Position_Unknown,Team_Unknown,Action_PreSnap,425.97,328.84,501.74,481.84,75.76999999999998,153.0,xml_geometry_csv_action
BootPass_49,32,20,20,Position_Unknown,Team_Unknown,Action_PreSnap,575.6,425.78,647.05,517.58,71.44999999999993,91.80000000000007,xml_geometry_csv_action
BootPass_49,32,21,21,Position_Unknown,Team_Unknown,Action_PreSnap,585.93,413.69,668.75,474.84,82.82000000000005,61.14999999999998,xml_geometry_csv_action
BootPass_49,32,3,3,Position_Unknown,Team_Unknown,Action_PreSnap,1653.64,490.44,1730.8,645.39,77.15999999999985,154.95,xml_geometry_csv_action
BootPass_49,32,4,4,Position_Unknown,Team_Unknown,Action_PreSnap,729.89,323.1,821.18,431.82,91.28999999999996,108.71999999999997,xml_geometry_csv_action
BootPass_49,32,5,5,Position_Unknown,Team_Unknown,Action_PreSnap,766.27,547.74,879.23,655.19,112.96000000000004,107.45000000000005,xml_geometry_csv_action
BootPass_49,32,6,6,Position_Unknown,Team_Unknown,Action_PreSnap,899.96,568.56,981.79,721.09,81.82999999999993,152.5300000000001,xml_geometry_csv_action
BootPass_49,32,7,7,Position_Unknown,Team_Unknown,Action_PreSnap,564.61,253.0,644.72,395.1,80.11000000000001,142.10000000000002,xml_geometry_csv_action
BootPass_49,32,8,8,Position_Unknown,Team_Unknown,Action_PreSnap,519.33,537.9,601.0,689.06,81.66999999999996,151.15999999999997,xml_geometry_csv_action
BootPass_49,32,9,9,Position_Unknown,Team_Unknown,Action_PreSnap,1026.7,375.44,1099.13,493.44,72.43000000000006,118.0,xml_geometry_csv_action
BootPass_49,33,0,0,Position_Unknown,Team_Unknown,Action_PreSnap,741.98,424.69,859.48,505.58,117.5,80.88999999999999,xml_geometry_csv_action
BootPass_49,33,1,1,Position_Unknown,Team_Unknown,Action_PreSnap,628.19,606.51,732.02,773.92,103.82999999999993,167.40999999999997,xml_geometry_csv_action
BootPass_49,33,10,10,Position_Unknown,Team_Unknown,Action_PreSnap,1597.21,284.64,1658.49,443.51,61.27999999999997,158.87,xml_geometry_csv_action
BootPass_49,33,11,11,Position_Unknown,Team_Unknown,Action_PreSnap,1041.77,465.99,1116.42,609.19,74.65000000000009,143.20000000000005,xml_geometry_csv_action
BootPass_49,33,12,12,Position_Unknown,Team_Unknown,Action_PreSnap,122.37,437.59,199.39,581.4,77.01999999999998,143.81,xml_geometry_csv_action
BootPass_49,33,13,13,Position_Unknown,Team_Unknown,Action_PreSnap,1139.6,141.02,1208.15,287.44,68.55000000000018,146.42,xml_geometry_csv_action
BootPass_49,33,14,14,Position_Unknown,Team_Unknown,Action_PreSnap,1392.78,642.27,1471.6,811.14,78.81999999999994,168.87,xml_geometry_csv_action
BootPass_49,33,15,15,Position_Unknown,Team_Unknown,Action_PreSnap,641.12,445.82,727.93,550.21,86.80999999999995,104.39000000000004,xml_geometry_csv_action
BootPass_49,33,16,16,Position_Unknown,Team_Unknown,Action_PreSnap,583.67,512.76,662.72,636.24,79.05000000000007,123.48000000000002,xml_geometry_csv_action
BootPass_49,33,17,17,Position_Unknown,Team_Unknown,Action_PreSnap,753.75,493.45,869.92,588.92,116.16999999999996,95.46999999999997,xml_geometry_csv_action
BootPass_49,33,18,18,Position_Unknown,Team_Unknown,Action_PreSnap,594.93,477.71,682.82,584.3,87.8900000000001,106.58999999999997,xml_geometry_csv_action
BootPass_49,33,19,19,Position_Unknown,Team_Unknown,Action_PreSnap,544.67,376.3,639.44,466.66,94.7700000000001,90.36000000000001,xml_geometry_csv_action
BootPass_49,33,2,2,Position_Unknown,Team_Unknown,Action_PreSnap,425.89,328.72,501.64,481.89,75.75,153.16999999999996,xml_geometry_csv_action
BootPass_49,33,20,20,Position_Unknown,Team_Unknown,Action_PreSnap,575.54,425.83,646.99,517.94,71.45000000000005,92.11000000000007,xml_geometry_csv_action
BootPass_49,33,21,21,Position_Unknown,Team_Unknown,Action_PreSnap,586.38,413.43,668.84,474.4,82.46000000000004,60.96999999999997,xml_geometry_csv_action
BootPass_49,33,3,3,Position_Unknown,Team_Unknown,Action_PreSnap,1652.89,491.22,1729.97,645.93,77.07999999999993,154.70999999999992,xml_geometry_csv_action
BootPass_49,33,4,4,Position_Unknown,Team_Unknown,Action_PreSnap,729.69,323.02,821.38,431.66,91.68999999999994,108.64000000000004,xml_geometry_csv_action
BootPass_49,33,5,5,Position_Unknown,Team_Unknown,Action_PreSnap,766.01,547.75,879.5,655.01,113.49000000000001,107.25999999999999,xml_geometry_csv_action
BootPass_49,33,6,6,Position_Unknown,Team_Unknown,Action_PreSnap,899.25,568.55,981.37,721.01,82.12,152.46000000000004,xml_geometry_csv_action
BootPass_49,33,7,7,Position_Unknown,Team_Unknown,Action_PreSnap,564.54,252.79,644.94,394.98,80.40000000000009,142.19000000000003,xml_geometry_csv_action
BootPass_49,33,8,8,Position_Unknown,Team_Unknown,Action_PreSnap,519.24,537.75,600.77,688.92,81.52999999999997,151.16999999999996,xml_geometry_csv_action
BootPass_49,33,9,9,Position_Unknown,Team_Unknown,Action_PreSnap,1026.78,375.21,1099.15,492.56,72.37000000000012,117.35000000000002,xml_geometry_csv_action
BootPass_49,34,0,0,Position_Unknown,Team_Unknown,Action_PreSnap,742.09,424.61,859.45,505.49,117.36000000000001,80.88,xml_geometry_csv_action
BootPass_49,34,1,1,Position_Unknown,Team_Unknown,Action_PreSnap,627.89,606.56,731.97,773.75,104.08000000000004,167.19000000000005,xml_geometry_csv_action
BootPass_49,34,10,10,Position_Unknown,Team_Unknown,Action_PreSnap,1597.94,284.16,1659.18,442.59,61.24000000000001,158.42999999999995,xml_geometry_csv_action
BootPass_49,34,11,11,Position_Unknown,Team_Unknown,Action_PreSnap,1041.72,465.73,1116.39,609.09,74.67000000000007,143.36,xml_geometry_csv_action
BootPass_49,34,12,12,Position_Unknown,Team_Unknown,Action_PreSnap,122.37,437.52,199.27,580.99,76.9,143.47000000000003,xml_geometry_csv_action
BootPass_49,34,13,13,Position_Unknown,Team_Unknown,Action_PreSnap,1138.34,140.73,1207.32,286.81,68.98000000000002,146.08,xml_geometry_csv_action
BootPass_49,34,14,14,Position_Unknown,Team_Unknown,Action_PreSnap,1394.57,643.03,1477.42,810.82,82.85000000000014,167.79000000000008,xml_geometry_csv_action
BootPass_49,34,15,15,Position_Unknown,Team_Unknown,Action_PreSnap,641.07,445.78,728.0,550.26,86.92999999999995,104.48000000000002,xml_geometry_csv_action
BootPass_49,34,16,16,Position_Unknown,Team_Unknown,Action_PreSnap,583.53,512.66,662.82,636.13,79.29000000000008,123.47000000000003,xml_geometry_csv_action
BootPass_49,34,17,17,Position_Unknown,Team_Unknown,Action_PreSnap,753.85,493.51,869.92,585.11,116.06999999999994,91.60000000000002,xml_geometry_csv_action
BootPass_49,34,18,18,Position_Unknown,Team_Unknown,Action_PreSnap,594.68,477.45,682.51,584.0,87.83000000000004,106.55000000000001,xml_geometry_csv_action
BootPass_49,34,19,19,Position_Unknown,Team_Unknown,Action_PreSnap,544.72,376.3,639.25,466.28,94.52999999999997,89.97999999999996,xml_geometry_csv_action
BootPass_49,34,2,2,Position_Unknown,Team_Unknown,Action_PreSnap,425.88,328.6,501.72,481.86,75.84000000000003,153.26,xml_geometry_csv_action
BootPass_49,34,20,20,Position_Unknown,Team_Unknown,Action_PreSnap,575.42,425.73,646.79,517.81,71.37,92.07999999999993,xml_geometry_csv_action
BootPass_49,34,21,21,Position_Unknown,Team_Unknown,Action_PreSnap,586.28,413.25,668.85,473.99,82.57000000000005,60.74000000000001,xml_geometry_csv_action
BootPass_49,34,3,3,Position_Unknown,Team_Unknown,Action_PreSnap,1652.06,491.77,1729.33,645.97,77.26999999999998,154.20000000000005,xml_geometry_csv_action
BootPass_49,34,4,4,Position_Unknown,Team_Unknown,Action_PreSnap,729.45,323.05,821.56,431.63,92.1099999999999,108.57999999999998,xml_geometry_csv_action
BootPass_49,34,5,5,Position_Unknown,Team_Unknown,Action_PreSnap,765.71,547.55,879.76,654.76,114.04999999999995,107.21000000000004,xml_geometry_csv_action
BootPass_49,34,6,6,Position_Unknown,Team_Unknown,Action_PreSnap,898.47,568.54,980.93,721.0,82.45999999999992,152.46000000000004,xml_geometry_csv_action
BootPass_49,34,7,7,Position_Unknown,Team_Unknown,Action_PreSnap,564.52,252.68,644.95,394.89,80.43000000000006,142.20999999999998,xml_geometry_csv_action
BootPass_49,34,8,8,Position_Unknown,Team_Unknown,Action_PreSnap,519.16,537.67,600.7,688.83,81.54000000000008,151.16000000000008,xml_geometry_csv_action
BootPass_49,34,9,9,Position_Unknown,Team_Unknown,Action_PreSnap,1026.76,375.15,1099.17,492.12,72.41000000000008,116.97000000000003,xml_geometry_csv_action
BootPass_49,35,0,0,Position_Unknown,Team_Unknown,Action_PreSnap,742.1,424.53,859.43,505.39,117.32999999999993,80.86000000000001,xml_geometry_csv_action
BootPass_49,35,1,1,Position_Unknown,Team_Unknown,Action_PreSnap,627.73,606.54,731.97,773.52,104.24000000000001,166.98000000000002,xml_geometry_csv_action
BootPass_49,35,10,10,Position_Unknown,Team_Unknown,Action_PreSnap,1598.62,283.29,1659.63,441.41,61.01000000000022,158.12,xml_geometry_csv_action
BootPass_49,35,11,11,Position_Unknown,Team_Unknown,Action_PreSnap,1041.79,465.52,1116.25,609.0,74.46000000000004,143.48000000000002,xml_geometry_csv_action
BootPass_49,35,12,12,Position_Unknown,Team_Unknown,Action_PreSnap,122.37,437.51,199.2,580.8,76.82999999999998,143.28999999999996,xml_geometry_csv_action
BootPass_49,35,13,13,Position_Unknown,Team_Unknown,Action_PreSnap,1137.72,140.43,1205.47,286.13,67.75,145.7,xml_geometry_csv_action
BootPass_49,35,14,14,Position_Unknown,Team_Unknown,Action_PreSnap,1396.32,643.94,1481.53,810.5,85.21000000000004,166.55999999999995,xml_geometry_csv_action
BootPass_49,35,15,15,Position_Unknown,Team_Unknown,Action_PreSnap,640.76,445.74,727.94,550.28,87.18000000000006,104.53999999999996,xml_geometry_csv_action
BootPass_49,35,16,16,Position_Unknown,Team_Unknown,Action_PreSnap,583.47,512.53,662.88,636.17,79.40999999999997,123.63999999999999,xml_geometry_csv_action
BootPass_49,35,17,17,Position_Unknown,Team_Unknown,Action_PreSnap,753.87,493.57,869.87,582.4,116.0,88.82999999999998,xml_geometry_csv_action
BootPass_49,35,18,18,Position_Unknown,Team_Unknown,Action_PreSnap,594.5,477.38,682.21,583.72,87.71000000000004,106.34000000000003,xml_geometry_csv_action
BootPass_49,35,19,19,Position_Unknown,Team_Unknown,Action_PreSnap,544.28,376.32,638.84,466.06,94.56000000000006,89.74000000000001,xml_geometry_csv_action
BootPass_49,35,2,2,Position_Unknown,Team_Unknown,Action_PreSnap,425.93,328.54,501.76,481.8,75.82999999999998,153.26,xml_geometry_csv_action
BootPass_49,35,20,20,Position_Unknown,Team_Unknown,Action_PreSnap,575.31,425.26,646.94,517.48,71.63000000000011,92.22000000000003,xml_geometry_csv_action
BootPass_49,35,21,21,Position_Unknown,Team_Unknown,Action_PreSnap,586.18,413.11,669.04,473.89,82.86000000000001,60.77999999999997,xml_geometry_csv_action
BootPass_49,35,3,3,Position_Unknown,Team_Unknown,Action_PreSnap,1651.26,492.42,1728.37,645.65,77.1099999999999,153.22999999999996,xml_geometry_csv_action
BootPass_49,35,4,4,Position_Unknown,Team_Unknown,Action_PreSnap,729.26,323.12,821.67,431.53,92.40999999999997,108.40999999999997,xml_geometry_csv_action
BootPass_49,35,5,5,Position_Unknown,Team_Unknown,Action_PreSnap,765.41,547.49,879.91,654.61,114.5,107.12,xml_geometry_csv_action
BootPass_49,35,6,6,Position_Unknown,Team_Unknown,Action_PreSnap,897.65,568.66,980.8,720.81,83.14999999999998,152.14999999999998,xml_geometry_csv_action
BootPass_49,35,7,7,Position_Unknown,Team_Unknown,Action_PreSnap,564.61,252.57,644.96,394.85,80.35000000000002,142.28000000000003,xml_geometry_csv_action
BootPass_49,35,8,8,Position_Unknown,Team_Unknown,Action_PreSnap,519.14,537.59,600.7,688.73,81.56000000000006,151.14,xml_geometry_csv_action
BootPass_49,35,9,9,Position_Unknown,Team_Unknown,Action_PreSnap,1026.59,375.12,1099.12,491.99,72.52999999999997,116.87,xml_geometry_csv_action
BootPass_49,36,0,0,Position_Unknown,Team_Unknown,Action_PreSnap,741.87,424.6,859.46,505.38,117.59000000000003,80.77999999999997,xml_geometry_csv_action
BootPass_49,36,1,1,Position_Unknown,Team_Unknown,Action_PreSnap,627.75,606.61,732.01,773.55,104.25999999999999,166.93999999999994,xml_geometry_csv_action
BootPass_49,36,10,10,Position_Unknown,Team_Unknown,Action_PreSnap,1598.98,282.62,1659.95,440.29,60.97000000000003,157.67000000000002,xml_geometry_csv_action
BootPass_49,36,11,11,Position_Unknown,Team_Unknown,Action_PreSnap,1041.73,465.59,1115.79,609.28,74.05999999999995,143.69,xml_geometry_csv_action
BootPass_49,36,12,12,Position_Unknown,Team_Unknown,Action_PreSnap,122.4,437.55,199.14,580.65,76.73999999999998,143.09999999999997,xml_geometry_csv_action
BootPass_49,36,13,13,Position_Unknown,Team_Unknown,Action_PreSnap,1136.56,140.32,1203.06,285.18,66.5,144.86,xml_geometry_csv_action
BootPass_49,36,14,14,Position_Unknown,Team_Unknown,Action_PreSnap,1398.3,644.51,1484.94,810.33,86.6400000000001,165.82000000000005,xml_geometry_csv_action
BootPass_49,36,15,15,Position_Unknown,Team_Unknown,Action_PreSnap,640.62,445.71,727.87,550.32,87.25,104.61000000000007,xml_geometry_csv_action
BootPass_49,36,16,16,Position_Unknown,Team_Unknown,Action_PreSnap,583.51,512.36,662.87,636.29,79.36000000000001,123.92999999999995,xml_geometry_csv_action
BootPass_49,36,17,17,Position_Unknown,Team_Unknown,Action_PreSnap,753.89,493.61,869.77,580.11,115.88,86.5,xml_geometry_csv_action
BootPass_49,36,18,18,Position_Unknown,Team_Unknown,Action_PreSnap,594.42,477.26,681.97,583.8,87.55000000000007,106.53999999999996,xml_geometry_csv_action
BootPass_49,36,19,19,Position_Unknown,Team_Unknown,Action_PreSnap,544.83,376.12,638.85,465.58,94.01999999999998,89.45999999999998,xml_geometry_csv_action
BootPass_49,36,2,2,Position_Unknown,Team_Unknown,Action_PreSnap,425.98,328.52,501.88,481.85,75.89999999999998,153.33000000000004,xml_geometry_csv_action
BootPass_49,36,20,20,Position_Unknown,Team_Unknown,Action_PreSnap,575.06,426.06,646.15,517.25,71.09000000000003,91.19,xml_geometry_csv_action
BootPass_49,36,21,21,Position_Unknown,Team_Unknown,Action_PreSnap,586.44,413.02,669.11,473.75,82.66999999999996,60.73000000000002,xml_geometry_csv_action
BootPass_49,36,3,3,Position_Unknown,Team_Unknown,Action_PreSnap,1650.17,493.34,1727.82,645.88,77.64999999999986,152.54000000000002,xml_geometry_csv_action
BootPass_49,36,4,4,Position_Unknown,Team_Unknown,Action_PreSnap,728.95,323.19,821.68,431.58,92.7299999999999,108.38999999999999,xml_geometry_csv_action
BootPass_49,36,5,5,Position_Unknown,Team_Unknown,Action_PreSnap,765.08,547.5,879.99,654.7,114.90999999999997,107.20000000000005,xml_geometry_csv_action
BootPass_49,36,6,6,Position_Unknown,Team_Unknown,Action_PreSnap,897.21,568.82,980.67,720.8,83.45999999999992,151.9799999999999,xml_geometry_csv_action
BootPass_49,36,7,7,Position_Unknown,Team_Unknown,Action_PreSnap,564.82,252.68,644.88,394.7,80.05999999999995,142.01999999999998,xml_geometry_csv_action
BootPass_49,36,8,8,Position_Unknown,Team_Unknown,Action_PreSnap,519.11,537.63,600.57,688.79,81.46000000000004,151.15999999999997,xml_geometry_csv_action
BootPass_49,36,9,9,Position_Unknown,Team_Unknown,Action_PreSnap,1026.21,375.13,1098.81,492.06,72.59999999999991,116.93,xml_geometry_csv_action
BootPass_49,37,0,0,Position_Unknown,Team_Unknown,Action_PreSnap,742.22,424.44,859.7,505.22,117.48000000000002,80.78000000000003,xml_geometry_csv_action
BootPass_49,37,1,1,Position_Unknown,Team_Unknown,Action_PreSnap,628.09,606.52,732.11,773.32,104.01999999999998,166.80000000000007,xml_geometry_csv_action
BootPass_49,37,10,10,Position_Unknown,Team_Unknown,Action_PreSnap,1599.66,281.94,1661.16,439.27,61.5,157.32999999999998,xml_geometry_csv_action
BootPass_49,37,11,11,Position_Unknown,Team_Unknown,Action_PreSnap,1041.94,465.53,1116.17,609.07,74.23000000000002,143.54000000000008,xml_geometry_csv_action
BootPass_49,37,12,12,Position_Unknown,Team_Unknown,Action_PreSnap,122.51,437.39,199.22,580.42,76.71,143.02999999999997,xml_geometry_csv_action
BootPass_49,37,13,13,Position_Unknown,Team_Unknown,Action_PreSnap,1135.86,140.19,1201.56,283.77,65.70000000000005,143.57999999999998,xml_geometry_csv_action
BootPass_49,37,14,14,Position_Unknown,Team_Unknown,Action_PreSnap,1400.23,644.86,1487.13,809.49,86.90000000000009,164.63,xml_geometry_csv_action
BootPass_49,37,15,15,Position_Unknown,Team_Unknown,Action_PreSnap,640.87,445.52,728.04,550.14,87.16999999999996,104.62,xml_geometry_csv_action
BootPass_49,37,16,16,Position_Unknown,Team_Unknown,Action_PreSnap,583.57,512.27,662.71,636.06,79.13999999999999,123.78999999999996,xml_geometry_csv_action
BootPass_49,37,17,17,Position_Unknown,Team_Unknown,Action_PreSnap,754.0,493.54,869.91,579.2,115.90999999999997,85.66000000000003,xml_geometry_csv_action
BootPass_49,37,18,18,Position_Unknown,Team_Unknown,Action_PreSnap,594.36,477.04,681.94,583.72,87.58000000000004,106.68,xml_geometry_csv_action
BootPass_49,37,19,19,Position_Unknown,Team_Unknown,Action_PreSnap,545.25,375.98,638.82,465.01,93.57000000000005,89.02999999999997,xml_geometry_csv_action
BootPass_49,37,2,2,Position_Unknown,Team_Unknown,Action_PreSnap,426.04,328.29,502.12,481.68,76.07999999999998,153.39,xml_geometry_csv_action
BootPass_49,37,20,20,Position_Unknown,Team_Unknown,Action_PreSnap,575.07,425.72,646.28,517.08,71.20999999999992,91.36000000000001,xml_geometry_csv_action
BootPass_49,37,21,21,Position_Unknown,Team_Unknown,Action_PreSnap,586.85,412.82,669.51,473.46,82.65999999999997,60.639999999999986,xml_geometry_csv_action
BootPass_49,37,3,3,Position_Unknown,Team_Unknown,Action_PreSnap,1649.96,493.48,1727.97,646.83,78.00999999999999,153.35000000000002,xml_geometry_csv_action
BootPass_49,37,4,4,Position_Unknown,Team_Unknown,Action_PreSnap,728.83,323.16,821.76,431.49,92.92999999999995,108.32999999999998,xml_geometry_csv_action
BootPass_49,37,5,5,Position_Unknown,Team_Unknown,Action_PreSnap,765.03,547.35,880.12,654.61,115.09000000000003,107.25999999999999,xml_geometry_csv_action
BootPass_49,37,6,6,Position_Unknown,Team_Unknown,Action_PreSnap,896.98,568.83,980.74,720.55,83.75999999999999,151.7199999999999,xml_geometry_csv_action
BootPass_49,37,7,7,Position_Unknown,Team_Unknown,Action_PreSnap,564.92,252.49,645.23,394.57,80.31000000000006,142.07999999999998,xml_geometry_csv_action
BootPass_49,37,8,8,Position_Unknown,Team_Unknown,Action_PreSnap,519.21,537.52,600.7,688.71,81.49000000000001,151.19000000000005,xml_geometry_csv_action
BootPass_49,37,9,9,Position_Unknown,Team_Unknown,Action_PreSnap,1026.17,374.91,1099.03,491.96,72.8599999999999,117.04999999999995,xml_geometry_csv_action
BootPass_49,38,0,0,Position_Unknown,Team_Unknown,Action_PreSnap,742.14,424.19,859.72,505.12,117.58000000000004,80.93,xml_geometry_csv_action
BootPass_49,38,1,1,Position_Unknown,Team_Unknown,Action_PreSnap,628.23,606.51,731.95,773.11,103.72000000000003,166.60000000000002,xml_geometry_csv_action
BootPass_49,38,10,10,Position_Unknown,Team_Unknown,Action_PreSnap,1599.7,281.18,1661.46,438.16,61.75999999999999,156.98000000000002,xml_geometry_csv_action
BootPass_49,38,11,11,Position_Unknown,Team_Unknown,Action_PreSnap,1041.64,465.18,1116.07,608.81,74.42999999999984,143.62999999999994,xml_geometry_csv_action
BootPass_49,38,12,12,Position_Unknown,Team_Unknown,Action_PreSnap,122.42,437.17,199.29,580.34,76.86999999999999,143.17000000000002,xml_geometry_csv_action
BootPass_49,38,13,13,Position_Unknown,Team_Unknown,Action_PreSnap,1134.96,139.71,1199.04,283.05,64.07999999999993,143.34,xml_geometry_csv_action
BootPass_49,38,14,14,Position_Unknown,Team_Unknown,Action_PreSnap,1401.54,645.42,1487.98,808.74,86.44000000000005,163.32000000000005,xml_geometry_csv_action
BootPass_49,38,15,15,Position_Unknown,Team_Unknown,Action_PreSnap,640.55,445.37,727.89,550.2,87.34000000000003,104.83000000000004,xml_geometry_csv_action
BootPass_49,38,16,16,Position_Unknown,Team_Unknown,Action_PreSnap,583.48,511.97,662.58,635.95,79.10000000000002,123.98000000000002,xml_geometry_csv_action
BootPass_49,38,17,17,Position_Unknown,Team_Unknown,Action_PreSnap,754.11,493.39,869.87,578.73,115.75999999999999,85.34000000000003,xml_geometry_csv_action
BootPass_49,38,18,18,Position_Unknown,Team_Unknown,Action_PreSnap,594.24,476.82,681.73,583.5,87.49000000000001,106.68,xml_geometry_csv_action
BootPass_49,38,19,19,Position_Unknown,Team_Unknown,Action_PreSnap,545.67,375.75,638.67,464.45,93.0,88.69999999999999,xml_geometry_csv_action
BootPass_49,38,2,2,Position_Unknown,Team_Unknown,Action_PreSnap,426.06,328.14,502.01,481.43,75.94999999999999,153.29000000000002,xml_geometry_csv_action
BootPass_49,38,20,20,Position_Unknown,Team_Unknown,Action_PreSnap,574.9,426.03,645.58,517.01,70.68000000000006,90.98000000000002,xml_geometry_csv_action
BootPass_49,38,21,21,Position_Unknown,Team_Unknown,Action_PreSnap,586.83,412.44,669.52,473.14,82.68999999999994,60.69999999999999,xml_geometry_csv_action
BootPass_49,38,3,3,Position_Unknown,Team_Unknown,Action_PreSnap,1649.08,494.0,1727.97,647.23,78.8900000000001,153.23000000000002,xml_geometry_csv_action
BootPass_49,38,4,4,Position_Unknown,Team_Unknown,Action_PreSnap,728.48,323.05,821.41,431.2,92.92999999999995,108.14999999999998,xml_geometry_csv_action
BootPass_49,38,5,5,Position_Unknown,Team_Unknown,Action_PreSnap,765.15,547.28,880.11,654.53,114.96000000000004,107.25,xml_geometry_csv_action
BootPass_49,38,6,6,Position_Unknown,Team_Unknown,Action_PreSnap,896.55,568.78,980.77,720.34,84.22000000000003,151.56000000000006,xml_geometry_csv_action
BootPass_49,38,7,7,Position_Unknown,Team_Unknown,Action_PreSnap,565.15,252.29,645.25,394.36,80.10000000000002,142.07000000000002,xml_geometry_csv_action
BootPass_49,38,8,8,Position_Unknown,Team_Unknown,Action_PreSnap,519.31,537.33,600.67,688.54,81.36000000000001,151.20999999999992,xml_geometry_csv_action
BootPass_49,38,9,9,Position_Unknown,Team_Unknown,Action_PreSnap,1025.99,374.66,1099.07,491.73,73.07999999999993,117.07,xml_geometry_csv_action
BootPass_49,39,0,0,Position_Unknown,Team_Unknown,Action_PreSnap,742.45,423.83,860.03,504.73,117.57999999999993,80.90000000000003,xml_geometry_csv_action
BootPass_49,39,1,1,Position_Unknown,Team_Unknown,Action_PreSnap,628.64,606.24,732.14,772.96,103.5,166.72000000000003,xml_geometry_csv_action
BootPass_49,39,10,10,Position_Unknown,Team_Unknown,Action_PreSnap,1600.45,280.17,1662.31,436.86,61.8599999999999,156.69,xml_geometry_csv_action
BootPass_49,39,11,11,Position_Unknown,Team_Unknown,Action_PreSnap,1041.65,464.68,1116.39,608.55,74.74000000000001,143.86999999999995,xml_geometry_csv_action
BootPass_49,39,12,12,Position_Unknown,Team_Unknown,Action_PreSnap,122.65,436.68,199.67,580.24,77.01999999999998,143.56,xml_geometry_csv_action
BootPass_49,39,13,13,Position_Unknown,Team_Unknown,Action_PreSnap,1134.97,139.23,1197.47,282.24,62.5,143.01000000000002,xml_geometry_csv_action
BootPass_49,39,14,14,Position_Unknown,Team_Unknown,Action_PreSnap,1404.61,645.66,1489.11,807.59,84.5,161.93000000000006,xml_geometry_csv_action
BootPass_49,39,15,15,Position_Unknown,Team_Unknown,Action_PreSnap,640.67,445.09,728.12,550.21,87.45000000000005,105.12000000000006,xml_geometry_csv_action
BootPass_49,39,16,16,Position_Unknown,Team_Unknown,Action_PreSnap,583.64,511.44,662.51,635.64,78.87,124.19999999999999,xml_geometry_csv_action
BootPass_49,39,17,17,Position_Unknown,Team_Unknown,Action_PreSnap,754.44,492.86,870.21,580.16,115.76999999999998,87.29999999999995,xml_geometry_csv_action
BootPass_49,39,18,18,Position_Unknown,Team_Unknown,Action_PreSnap,594.35,476.42,681.67,583.21,87.31999999999994,106.79000000000002,xml_geometry_csv_action
BootPass_49,39,19,19,Position_Unknown,Team_Unknown,Action_PreSnap,545.57,375.31,638.51,464.23,92.93999999999994,88.92000000000002,xml_geometry_csv_action
BootPass_49,39,2,2,Position_Unknown,Team_Unknown,Action_PreSnap,426.43,327.43,502.44,480.92,76.00999999999999,153.49,xml_geometry_csv_action
BootPass_49,39,20,20,Position_Unknown,Team_Unknown,Action_PreSnap,575.12,425.98,645.67,516.79,70.54999999999995,90.80999999999995,xml_geometry_csv_action
BootPass_49,39,21,21,Position_Unknown,Team_Unknown,Action_PreSnap,587.1,411.75,669.85,473.09,82.75,61.339999999999975,xml_geometry_csv_action
BootPass_49,39,3,3,Position_Unknown,Team_Unknown,Action_PreSnap,1649.26,494.47,1729.29,647.7,80.02999999999997,153.23000000000002,xml_geometry_csv_action
BootPass_49,39,4,4,Position_Unknown,Team_Unknown,Action_PreSnap,728.49,322.87,821.41,430.73,92.91999999999996,107.86000000000001,xml_geometry_csv_action
BootPass_49,39,5,5,Position_Unknown,Team_Unknown,Action_PreSnap,765.71,546.97,880.46,654.17,114.75,107.19999999999993,xml_geometry_csv_action
BootPass_49,39,6,6,Position_Unknown,Team_Unknown,Action_PreSnap,896.55,568.57,981.03,720.02,84.48000000000002,151.44999999999993,xml_geometry_csv_action
BootPass_49,39,7,7,Position_Unknown,Team_Unknown,Action_PreSnap,565.68,251.9,645.63,393.79,79.95000000000005,141.89000000000001,xml_geometry_csv_action
BootPass_49,39,8,8,Position_Unknown,Team_Unknown,Action_PreSnap,519.57,536.99,600.73,688.26,81.15999999999997,151.26999999999998,xml_geometry_csv_action
BootPass_49,39,9,9,Position_Unknown,Team_Unknown,Action_PreSnap,1026.24,374.3,1099.47,491.43,73.23000000000002,117.13,xml_geometry_csv_action
BootPass_49,40,0,0,Position_Unknown,Team_Unknown,Action_PreSnap,742.94,423.8,860.36,504.65,117.41999999999996,80.84999999999997,xml_geometry_csv_action
BootPass_49,40,1,1,Position_Unknown,Team_Unknown,Action_PreSnap,628.93,606.33,732.28,773.28,103.35000000000002,166.94999999999993,xml_geometry_csv_action
BootPass_49,40,10,10,Position_Unknown,Team_Unknown,Action_PreSnap,1600.86,279.89,1663.22,436.49,62.36000000000013,156.60000000000002,xml_geometry_csv_action
BootPass_49,40,11,11,Position_Unknown,Team_Unknown,Action_PreSnap,1042.43,464.82,1116.75,608.62,74.31999999999994,143.8,xml_geometry_csv_action
BootPass_49,40,12,12,Position_Unknown,Team_Unknown,Action_PreSnap,123.19,436.48,200.65,580.45,77.46000000000001,143.97000000000003,xml_geometry_csv_action
BootPass_49,40,13,13,Position_Unknown,Team_Unknown,Action_PreSnap,1134.59,139.32,1196.37,282.19,61.77999999999997,142.87,xml_geometry_csv_action
BootPass_49,40,14,14,Position_Unknown,Team_Unknown,Action_PreSnap,1407.73,645.92,1489.27,807.46,81.53999999999996,161.54000000000008,xml_geometry_csv_action
BootPass_49,40,15,15,Position_Unknown,Team_Unknown,Action_PreSnap,641.15,445.28,728.71,549.89,87.56000000000006,104.61000000000001,xml_geometry_csv_action
BootPass_49,40,16,16,Position_Unknown,Team_Unknown,Action_PreSnap,583.88,511.47,663.03,635.82,79.14999999999998,124.35000000000002,xml_geometry_csv_action
BootPass_49,40,17,17,Position_Unknown,Team_Unknown,Action_PreSnap,754.82,492.77,870.74,582.2,115.91999999999996,89.43000000000006,xml_geometry_csv_action
BootPass_49,40,18,18,Position_Unknown,Team_Unknown,Action_PreSnap,594.53,476.55,682.08,583.34,87.55000000000007,106.79000000000002,xml_geometry_csv_action
BootPass_49,40,19,19,Position_Unknown,Team_Unknown,Action_PreSnap,545.94,375.28,639.1,464.17,93.15999999999997,88.89000000000004,xml_geometry_csv_action
BootPass_49,40,2,2,Position_Unknown,Team_Unknown,Action_PreSnap,426.81,327.26,503.18,481.02,76.37,153.76,xml_geometry_csv_action
BootPass_49,40,20,20,Position_Unknown,Team_Unknown,Action_PreSnap,575.2,426.19,646.0,517.32,70.79999999999995,91.13000000000005,xml_geometry_csv_action
BootPass_49,40,21,21,Position_Unknown,Team_Unknown,Action_PreSnap,587.82,411.68,670.37,473.39,82.54999999999995,61.70999999999998,xml_geometry_csv_action
BootPass_49,40,3,3,Position_Unknown,Team_Unknown,Action_PreSnap,1650.03,495.09,1731.37,648.97,81.33999999999992,153.88000000000005,xml_geometry_csv_action
BootPass_49,40,4,4,Position_Unknown,Team_Unknown,Action_PreSnap,728.83,322.89,821.87,430.74,93.03999999999996,107.85000000000002,xml_geometry_csv_action
BootPass_49,40,5,5,Position_Unknown,Team_Unknown,Action_PreSnap,766.31,546.7,880.93,654.15,114.62,107.44999999999993,xml_geometry_csv_action
BootPass_49,40,6,6,Position_Unknown,Team_Unknown,Action_PreSnap,897.04,568.91,981.33,719.78,84.29000000000008,150.87,xml_geometry_csv_action
BootPass_49,40,7,7,Position_Unknown,Team_Unknown,Action_PreSnap,566.83,251.77,646.33,393.69,79.5,141.92,xml_geometry_csv_action
BootPass_49,40,8,8,Position_Unknown,Team_Unknown,Action_PreSnap,520.29,537.03,601.58,688.21,81.29000000000008,151.18000000000006,xml_geometry_csv_action
BootPass_49,40,9,9,Position_Unknown,Team_Unknown,Action_PreSnap,1026.58,374.35,1100.14,491.72,73.56000000000017,117.37,xml_geometry_csv_action
BootPass_49,41,0,0,Position_Unknown,Team_Unknown,Action_PreSnap,743.31,423.74,860.49,504.54,117.18000000000006,80.80000000000001,xml_geometry_csv_action
BootPass_49,41,1,1,Position_Unknown,Team_Unknown,Action_PreSnap,629.6,606.22,732.64,773.36,103.03999999999996,167.14,xml_geometry_csv_action
BootPass_49,41,10,10,Position_Unknown,Team_Unknown,Action_PreSnap,1601.85,279.94,1664.48,435.98,62.63000000000011,156.04000000000002,xml_geometry_csv_action
BootPass_49,41,11,11,Position_Unknown,Team_Unknown,Action_PreSnap,1042.99,464.94,1117.23,608.43,74.24000000000001,143.48999999999995,xml_geometry_csv_action
BootPass_49,41,12,12,Position_Unknown,Team_Unknown,Action_PreSnap,123.57,436.34,201.13,580.48,77.56,144.14000000000004,xml_geometry_csv_action
BootPass_49,41,13,13,Position_Unknown,Team_Unknown,Action_PreSnap,1134.62,139.3,1195.91,282.13,61.29000000000019,142.82999999999998,xml_geometry_csv_action
BootPass_49,41,14,14,Position_Unknown,Team_Unknown,Action_PreSnap,1411.97,646.22,1490.59,807.96,78.61999999999989,161.74,xml_geometry_csv_action
BootPass_49,41,15,15,Position_Unknown,Team_Unknown,Action_PreSnap,641.45,445.54,728.86,549.77,87.40999999999997,104.22999999999996,xml_geometry_csv_action
BootPass_49,41,16,16,Position_Unknown,Team_Unknown,Action_PreSnap,584.1,511.63,663.36,635.99,79.25999999999999,124.36000000000001,xml_geometry_csv_action
BootPass_49,41,17,17,Position_Unknown,Team_Unknown,Action_PreSnap,754.96,492.67,871.05,583.59,116.08999999999992,90.92000000000002,xml_geometry_csv_action
BootPass_49,41,18,18,Position_Unknown,Team_Unknown,Action_PreSnap,594.61,476.7,682.25,583.39,87.63999999999999,106.69,xml_geometry_csv_action
BootPass_49,41,19,19,Position_Unknown,Team_Unknown,Action_PreSnap,546.16,375.14,639.66,464.32,93.5,89.18,xml_geometry_csv_action
BootPass_49,41,2,2,Position_Unknown,Team_Unknown,Action_PreSnap,427.32,327.27,503.78,480.93,76.45999999999998,153.66000000000003,xml_geometry_csv_action
BootPass_49,41,20,20,Position_Unknown,Team_Unknown,Action_PreSnap,575.27,426.52,646.27,517.84,71.0,91.32000000000005,xml_geometry_csv_action
BootPass_49,41,21,21,Position_Unknown,Team_Unknown,Action_PreSnap,589.2,411.53,671.31,473.63,82.1099999999999,62.10000000000002,xml_geometry_csv_action
BootPass_49,41,3,3,Position_Unknown,Team_Unknown,Action_PreSnap,1651.04,495.61,1733.84,650.56,82.79999999999995,154.94999999999993,xml_geometry_csv_action
BootPass_49,41,4,4,Position_Unknown,Team_Unknown,Action_PreSnap,729.13,322.83,822.27,430.72,93.13999999999999,107.89000000000004,xml_geometry_csv_action
BootPass_49,41,5,5,Position_Unknown,Team_Unknown,Action_PreSnap,766.48,546.6,881.18,654.15,114.69999999999993,107.54999999999995,xml_geometry_csv_action
BootPass_49,41,6,6,Position_Unknown,Team_Unknown,Action_PreSnap,897.2,569.13,981.46,719.65,84.25999999999999,150.51999999999998,xml_geometry_csv_action
BootPass_49,41,7,7,Position_Unknown,Team_Unknown,Action_PreSnap,567.53,251.69,646.72,393.56,79.19000000000005,141.87,xml_geometry_csv_action
BootPass_49,41,8,8,Position_Unknown,Team_Unknown,Action_PreSnap,520.51,537.06,602.19,687.97,81.68000000000006,150.91000000000008,xml_geometry_csv_action
BootPass_49,41,9,9,Position_Unknown,Team_Unknown,Action_PreSnap,1027.07,374.54,1100.67,491.68,73.60000000000014,117.13999999999999,xml_geometry_csv_action
BootPass_49,42,0,0,Position_Unknown,Team_Unknown,Action_PreSnap,744.41,423.57,861.34,504.45,116.93000000000006,80.88,xml_geometry_csv_action
BootPass_49,42,1,1,Position_Unknown,Team_Unknown,Action_PreSnap,631.41,606.34,733.7,773.1,102.29000000000008,166.76,xml_geometry_csv_action
BootPass_49,42,10,10,Position_Unknown,Team_Unknown,Action_PreSnap,1602.85,280.14,1665.84,435.82,62.99000000000001,155.68,xml_geometry_csv_action
BootPass_49,42,11,11,Position_Unknown,Team_Unknown,Action_PreSnap,1043.73,464.75,1118.09,608.75,74.3599999999999,144.0,xml_geometry_csv_action
BootPass_49,42,12,12,Position_Unknown,Team_Unknown,Action_PreSnap,124.23,436.22,202.0,580.55,77.77,144.32999999999993,xml_geometry_csv_action
BootPass_49,42,13,13,Position_Unknown,Team_Unknown,Action_PreSnap,1135.0,139.46,1196.47,282.37,61.47000000000003,142.91,xml_geometry_csv_action
BootPass_49,42,14,14,Position_Unknown,Team_Unknown,Action_PreSnap,1416.43,646.24,1492.61,807.27,76.17999999999984,161.02999999999997,xml_geometry_csv_action
BootPass_49,42,15,15,Position_Unknown,Team_Unknown,Action_PreSnap,641.84,445.69,727.72,548.95,85.88,103.26000000000005,xml_geometry_csv_action
BootPass_49,42,16,16,Position_Unknown,Team_Unknown,Action_PreSnap,584.89,511.88,664.32,636.48,79.43000000000006,124.60000000000002,xml_geometry_csv_action
BootPass_49,42,17,17,Position_Unknown,Team_Unknown,Action_PreSnap,756.42,492.82,872.28,580.33,115.86000000000001,87.51000000000005,xml_geometry_csv_action
BootPass_49,42,18,18,Position_Unknown,Team_Unknown,Action_PreSnap,595.21,477.09,683.68,583.61,88.46999999999991,106.52000000000004,xml_geometry_csv_action
BootPass_49,42,19,19,Position_Unknown,Team_Unknown,Action_PreSnap,547.43,375.32,640.76,464.69,93.33000000000004,89.37,xml_geometry_csv_action
BootPass_49,42,2,2,Position_Unknown,Team_Unknown,Action_PreSnap,428.0,327.31,505.2,480.85,77.19999999999999,153.54000000000002,xml_geometry_csv_action
BootPass_49,42,20,20,Position_Unknown,Team_Unknown,Action_PreSnap,576.18,425.12,647.38,518.59,71.20000000000005,93.47000000000003,xml_geometry_csv_action
BootPass_49,42,21,21,Position_Unknown,Team_Unknown,Action_PreSnap,590.81,411.07,672.67,473.5,81.86000000000001,62.43000000000001,xml_geometry_csv_action
BootPass_49,42,3,3,Position_Unknown,Team_Unknown,Action_PreSnap,1652.33,496.11,1736.34,652.48,84.00999999999999,156.37,xml_geometry_csv_action
BootPass_49,42,4,4,Position_Unknown,Team_Unknown,Action_PreSnap,730.27,322.84,823.44,430.36,93.17000000000007,107.52000000000004,xml_geometry_csv_action
BootPass_49,42,5,5,Position_Unknown,Team_Unknown,Action_PreSnap,767.27,546.28,882.5,653.96,115.23000000000002,107.68000000000006,xml_geometry_csv_action
BootPass_49,42,6,6,Position_Unknown,Team_Unknown,Action_PreSnap,897.6,569.15,982.09,719.64,84.49000000000001,150.49,xml_geometry_csv_action
BootPass_49,42,7,7,Position_Unknown,Team_Unknown,Action_PreSnap,568.88,251.71,647.95,393.53,79.07000000000005,141.81999999999996,xml_geometry_csv_action
BootPass_49,42,8,8,Position_Unknown,Team_Unknown,Action_PreSnap,521.54,536.97,603.06,688.08,81.51999999999998,151.11,xml_geometry_csv_action
BootPass_49,42,9,9,Position_Unknown,Team_Unknown,Action_PreSnap,1028.07,374.59,1101.62,491.29,73.54999999999995,116.70000000000005,xml_geometry_csv_action
BootPass_49,43,0,0,Position_Unknown,Team_Unknown,Action_PreSnap,744.86,423.52,861.57,504.31,116.71000000000004,80.79000000000002,xml_geometry_csv_action
BootPass_49,43,1,1,Position_Unknown,Team_Unknown,Action_PreSnap,631.65,606.34,733.89,773.17,102.24000000000001,166.82999999999993,xml_geometry_csv_action
BootPass_49,43,10,10,Position_Unknown,Team_Unknown,Action_PreSnap,1603.41,280.46,1666.53,436.05,63.11999999999989,155.59000000000003,xml_geometry_csv_action
BootPass_49,43,11,11,Position_Unknown,Team_Unknown,Action_PreSnap,1043.92,464.92,1118.2,608.87,74.27999999999997,143.95,xml_geometry_csv_action
BootPass_49,43,12,12,Position_Unknown,Team_Unknown,Action_PreSnap,124.19,436.17,202.0,580.57,77.81,144.40000000000003,xml_geometry_csv_action
BootPass_49,43,13,13,Position_Unknown,Team_Unknown,Action_PreSnap,1134.87,139.63,1196.62,282.57,61.75,142.94,xml_geometry_csv_action
BootPass_49,43,14,14,Position_Unknown,Team_Unknown,Action_PreSnap,1418.54,646.4,1494.73,807.17,76.19000000000005,160.76999999999998,xml_geometry_csv_action
BootPass_49,43,15,15,Position_Unknown,Team_Unknown,Action_PreSnap,640.62,445.37,726.8,544.22,86.17999999999995,98.85000000000002,xml_geometry_csv_action
BootPass_49,43,16,16,Position_Unknown,Team_Unknown,Action_PreSnap,584.94,511.73,664.45,636.66,79.50999999999999,124.92999999999995,xml_geometry_csv_action
BootPass_49,43,17,17,Position_Unknown,Team_Unknown,Action_PreSnap,757.08,492.9,872.7,578.55,115.62,85.64999999999998,xml_geometry_csv_action
BootPass_49,43,18,18,Position_Unknown,Team_Unknown,Action_PreSnap,594.72,477.92,684.47,583.67,89.75,105.74999999999994,xml_geometry_csv_action
BootPass_49,43,19,19,Position_Unknown,Team_Unknown,Action_PreSnap,548.32,375.29,640.61,465.35,92.28999999999996,90.06,xml_geometry_csv_action
BootPass_49,43,2,2,Position_Unknown,Team_Unknown,Action_PreSnap,428.15,327.16,505.64,480.76,77.49000000000001,153.59999999999997,xml_geometry_csv_action
BootPass_49,43,20,20,Position_Unknown,Team_Unknown,Action_PreSnap,575.95,424.18,647.32,518.56,71.37,94.37999999999994,xml_geometry_csv_action
BootPass_49,43,21,21,Position_Unknown,Team_Unknown,Action_PreSnap,591.75,410.75,672.82,473.47,81.07000000000005,62.72000000000003,xml_geometry_csv_action
BootPass_49,43,3,3,Position_Unknown,Team_Unknown,Action_PreSnap,1652.7,496.67,1737.84,653.95,85.13999999999987,157.28000000000003,xml_geometry_csv_action
BootPass_49,43,4,4,Position_Unknown,Team_Unknown,Action_PreSnap,730.35,322.89,823.49,430.23,93.13999999999999,107.34000000000003,xml_geometry_csv_action
BootPass_49,43,5,5,Position_Unknown,Team_Unknown,Action_PreSnap,767.05,546.28,882.65,653.86,115.60000000000002,107.58000000000004,xml_geometry_csv_action
BootPass_49,43,6,6,Position_Unknown,Team_Unknown,Action_PreSnap,897.44,569.29,982.09,719.5,84.64999999999998,150.21000000000004,xml_geometry_csv_action
BootPass_49,43,7,7,Position_Unknown,Team_Unknown,Action_PreSnap,569.56,251.75,648.37,393.51,78.81000000000006,141.76,xml_geometry_csv_action
BootPass_49,43,8,8,Position_Unknown,Team_Unknown,Action_PreSnap,521.74,536.89,603.03,688.11,81.28999999999996,151.22000000000003,xml_geometry_csv_action
BootPass_49,43,9,9,Position_Unknown,Team_Unknown,Action_PreSnap,1028.32,374.37,1101.76,491.13,73.44000000000005,116.75999999999999,xml_geometry_csv_action
BootPass_49,44,0,0,Position_Unknown,Team_Unknown,Action_PreSnap,745.13,423.54,861.64,504.19,116.50999999999999,80.64999999999998,xml_geometry_csv_action
BootPass_49,44,1,1,Position_Unknown,Team_Unknown,Action_PreSnap,632.38,606.49,734.55,773.19,102.16999999999996,166.70000000000005,xml_geometry_csv_action
BootPass_49,44,10,10,Position_Unknown,Team_Unknown,Action_PreSnap,1603.75,280.63,1666.64,436.11,62.8900000000001,155.48000000000002,xml_geometry_csv_action
BootPass_49,44,11,11,Position_Unknown,Team_Unknown,Action_PreSnap,1044.12,464.75,1118.54,608.82,74.42000000000007,144.07000000000005,xml_geometry_csv_action
BootPass_49,44,12,12,Position_Unknown,Team_Unknown,Action_PreSnap,124.67,436.15,202.62,580.34,77.95,144.19000000000005,xml_geometry_csv_action
BootPass_49,44,13,13,Position_Unknown,Team_Unknown,Action_PreSnap,1134.81,139.63,1197.03,282.88,62.22000000000003,143.25,xml_geometry_csv_action
BootPass_49,44,14,14,Position_Unknown,Team_Unknown,Action_PreSnap,1422.02,645.96,1497.54,806.68,75.51999999999998,160.7199999999999,xml_geometry_csv_action
BootPass_49,44,15,15,Position_Unknown,Team_Unknown,Action_PreSnap,640.65,444.97,726.85,536.04,86.20000000000005,91.06999999999994,xml_geometry_csv_action
BootPass_49,44,16,16,Position_Unknown,Team_Unknown,Action_PreSnap,585.06,511.39,664.98,636.64,79.92000000000007,125.25,xml_geometry_csv_action
BootPass_49,44,17,17,Position_Unknown,Team_Unknown,Action_PreSnap,757.63,492.86,873.53,577.59,115.89999999999998,84.73000000000002,xml_geometry_csv_action
BootPass_49,44,18,18,Position_Unknown,Team_Unknown,Action_PreSnap,594.56,477.56,684.92,583.19,90.36000000000001,105.63000000000005,xml_geometry_csv_action
BootPass_49,44,19,19,Position_Unknown,Team_Unknown,Action_PreSnap,548.94,374.84,640.97,465.89,92.02999999999997,91.05000000000001,xml_geometry_csv_action
BootPass_49,44,2,2,Position_Unknown,Team_Unknown,Action_PreSnap,428.31,327.11,505.97,480.7,77.66000000000003,153.58999999999997,xml_geometry_csv_action
BootPass_49,44,20,20,Position_Unknown,Team_Unknown,Action_PreSnap,575.76,424.6,647.76,518.21,72.0,93.61000000000001,xml_geometry_csv_action
BootPass_49,44,21,21,Position_Unknown,Team_Unknown,Action_PreSnap,592.37,410.1,673.27,473.59,80.89999999999998,63.48999999999995,xml_geometry_csv_action
BootPass_49,44,3,3,Position_Unknown,Team_Unknown,Action_PreSnap,1653.3,496.97,1740.06,654.53,86.75999999999999,157.55999999999995,xml_geometry_csv_action
BootPass_49,44,4,4,Position_Unknown,Team_Unknown,Action_PreSnap,730.5,322.95,823.98,430.09,93.48000000000002,107.13999999999999,xml_geometry_csv_action
BootPass_49,44,5,5,Position_Unknown,Team_Unknown,Action_PreSnap,767.5,546.39,882.87,653.54,115.37,107.14999999999998,xml_geometry_csv_action
BootPass_49,44,6,6,Position_Unknown,Team_Unknown,Action_PreSnap,897.16,569.28,982.17,719.44,85.00999999999999,150.16000000000008,xml_geometry_csv_action
BootPass_49,44,7,7,Position_Unknown,Team_Unknown,Action_PreSnap,569.96,251.68,648.93,393.22,78.96999999999991,141.54000000000002,xml_geometry_csv_action
BootPass_49,44,8,8,Position_Unknown,Team_Unknown,Action_PreSnap,522.05,537.0,603.43,687.95,81.38,150.95000000000005,xml_geometry_csv_action
BootPass_49,44,9,9,Position_Unknown,Team_Unknown,Action_PreSnap,1028.6,374.22,1102.37,490.92,73.76999999999998,116.69999999999999,xml_geometry_csv_action
BootPass_49,45,0,0,Position_Unknown,Team_Unknown,Action_PreSnap,745.14,423.59,861.86,504.03,116.72000000000003,80.44,xml_geometry_csv_action
BootPass_49,45,1,1,Position_Unknown,Team_Unknown,Action_PreSnap,632.9,606.33,734.86,773.03,101.96000000000004,166.69999999999993,xml_geometry_csv_action
BootPass_49,45,10,10,Position_Unknown,Team_Unknown,Action_PreSnap,1604.47,280.68,1667.75,436.23,63.27999999999997,155.55,xml_geometry_csv_action
BootPass_49,45,11,11,Position_Unknown,Team_Unknown,Action_PreSnap,1044.27,464.39,1118.97,608.6,74.70000000000005,144.21000000000004,xml_geometry_csv_action
BootPass_49,45,12,12,Position_Unknown,Team_Unknown,Action_PreSnap,125.27,436.03,203.11,579.81,77.84000000000002,143.77999999999997,xml_geometry_csv_action
BootPass_49,45,13,13,Position_Unknown,Team_Unknown,Action_PreSnap,1135.0,139.64,1197.6,282.79,62.59999999999991,143.15000000000003,xml_geometry_csv_action
BootPass_49,45,14,14,Position_Unknown,Team_Unknown,Action_PreSnap,1424.78,645.84,1500.73,806.95,75.95000000000005,161.11,xml_geometry_csv_action
BootPass_49,45,15,15,Position_Unknown,Team_Unknown,Action_PreSnap,641.28,443.78,727.16,535.08,85.88,91.30000000000007,xml_geometry_csv_action
BootPass_49,45,16,16,Position_Unknown,Team_Unknown,Action_PreSnap,585.33,510.1,665.11,636.26,79.77999999999997,126.15999999999997,xml_geometry_csv_action
BootPass_49,45,17,17,Position_Unknown,Team_Unknown,Action_PreSnap,758.05,492.61,874.29,578.28,116.24000000000001,85.66999999999996,xml_geometry_csv_action
BootPass_49,45,18,18,Position_Unknown,Team_Unknown,Action_PreSnap,594.56,475.81,685.91,582.59,91.35000000000002,106.78000000000003,xml_geometry_csv_action
BootPass_49,45,19,19,Position_Unknown,Team_Unknown,Action_PreSnap,548.88,373.74,641.36,466.05,92.48000000000002,92.31,xml_geometry_csv_action
BootPass_49,45,2,2,Position_Unknown,Team_Unknown,Action_PreSnap,428.76,327.13,506.4,480.58,77.63999999999999,153.45,xml_geometry_csv_action
BootPass_49,45,20,20,Position_Unknown,Team_Unknown,Action_PreSnap,575.35,423.21,648.1,518.68,72.75,95.46999999999997,xml_geometry_csv_action
BootPass_49,45,21,21,Position_Unknown,Team_Unknown,Action_PreSnap,592.43,408.85,673.48,473.08,81.05000000000007,64.22999999999996,xml_geometry_csv_action
BootPass_49,45,3,3,Position_Unknown,Team_Unknown,Action_PreSnap,1654.25,497.25,1742.1,654.54,87.84999999999991,157.28999999999996,xml_geometry_csv_action
BootPass_49,45,4,4,Position_Unknown,Team_Unknown,Action_PreSnap,731.04,322.91,824.85,430.05,93.81000000000006,107.13999999999999,xml_geometry_csv_action
BootPass_49,45,5,5,Position_Unknown,Team_Unknown,Action_PreSnap,768.23,546.36,883.14,653.28,114.90999999999997,106.91999999999996,xml_geometry_csv_action
BootPass_49,45,6,6,Position_Unknown,Team_Unknown,Action_PreSnap,897.25,569.36,982.35,719.46,85.10000000000002,150.10000000000002,xml_geometry_csv_action
BootPass_49,45,7,7,Position_Unknown,Team_Unknown,Action_PreSnap,570.72,251.49,649.14,392.45,78.41999999999996,140.95999999999998,xml_geometry_csv_action
BootPass_49,45,8,8,Position_Unknown,Team_Unknown,Action_PreSnap,522.44,536.72,604.0,687.63,81.55999999999995,150.90999999999997,xml_geometry_csv_action
BootPass_49,45,9,9,Position_Unknown,Team_Unknown,Action_PreSnap,1029.2,374.06,1103.16,490.88,73.96000000000004,116.82,xml_geometry_csv_action
BootPass_49,46,0,0,Position_Unknown,Team_Unknown,Action_PreSnap,745.01,423.39,862.0,503.57,116.99000000000001,80.18,xml_geometry_csv_action
BootPass_49,46,1,1,Position_Unknown,Team_Unknown,Action_PreSnap,633.04,606.7,735.11,773.25,102.07000000000005,166.54999999999995,xml_geometry_csv_action
BootPass_49,46,10,10,Position_Unknown,Team_Unknown,Action_PreSnap,1604.16,280.74,1667.98,436.36,63.819999999999936,155.62,xml_geometry_csv_action
BootPass_49,46,11,11,Position_Unknown,Team_Unknown,Action_PreSnap,1044.05,464.22,1119.02,608.49,74.97000000000003,144.26999999999998,xml_geometry_csv_action
BootPass_49,46,12,12,Position_Unknown,Team_Unknown,Action_PreSnap,125.27,435.75,203.08,579.7,77.81000000000002,143.95000000000005,xml_geometry_csv_action
BootPass_49,46,13,13,Position_Unknown,Team_Unknown,Action_PreSnap,1133.57,139.47,1197.72,282.82,64.15000000000009,143.35,xml_geometry_csv_action
BootPass_49,46,14,14,Position_Unknown,Team_Unknown,Action_PreSnap,1427.83,645.59,1503.13,806.12,75.30000000000018,160.52999999999997,xml_geometry_csv_action
BootPass_49,46,15,15,Position_Unknown,Team_Unknown,Action_PreSnap,641.09,442.01,727.43,542.98,86.33999999999992,100.97000000000003,xml_geometry_csv_action
BootPass_49,46,16,16,Position_Unknown,Team_Unknown,Action_PreSnap,585.24,508.37,664.86,636.5,79.62,128.13,xml_geometry_csv_action
BootPass_49,46,17,17,Position_Unknown,Team_Unknown,Action_PreSnap,758.2,491.94,874.59,576.22,116.38999999999999,84.28000000000003,xml_geometry_csv_action
BootPass_49,46,18,18,Position_Unknown,Team_Unknown,Action_PreSnap,593.68,473.82,685.52,582.68,91.84000000000003,108.85999999999996,xml_geometry_csv_action
BootPass_49,46,19,19,Position_Unknown,Team_Unknown,Action_PreSnap,549.32,372.6,641.0,464.22,91.67999999999995,91.62,xml_geometry_csv_action
BootPass_49,46,2,2,Position_Unknown,Team_Unknown,Action_PreSnap,429.21,326.69,506.43,480.31,77.22000000000003,153.62,xml_geometry_csv_action
BootPass_49,46,20,20,Position_Unknown,Team_Unknown,Action_PreSnap,574.67,422.63,647.93,518.29,73.25999999999999,95.65999999999997,xml_geometry_csv_action
BootPass_49,46,21,21,Position_Unknown,Team_Unknown,Action_PreSnap,592.99,407.4,673.55,470.86,80.55999999999995,63.460000000000036,xml_geometry_csv_action
BootPass_49,46,3,3,Position_Unknown,Team_Unknown,Action_PreSnap,1654.72,497.52,1742.72,654.86,88.0,157.34000000000003,xml_geometry_csv_action
BootPass_49,46,4,4,Position_Unknown,Team_Unknown,Action_PreSnap,730.85,322.53,824.97,430.07,94.12,107.54000000000002,xml_geometry_csv_action
BootPass_49,46,5,5,Position_Unknown,Team_Unknown,Action_PreSnap,768.16,545.79,883.29,653.2,115.13,107.41000000000008,xml_geometry_csv_action
BootPass_49,46,6,6,Position_Unknown,Team_Unknown,Action_PreSnap,897.14,569.3,982.26,719.35,85.12,150.05000000000007,xml_geometry_csv_action
BootPass_49,46,7,7,Position_Unknown,Team_Unknown,Action_PreSnap,570.86,251.65,649.04,391.72,78.17999999999995,140.07000000000002,xml_geometry_csv_action
BootPass_49,46,8,8,Position_Unknown,Team_Unknown,Action_PreSnap,522.65,536.37,604.92,687.52,82.26999999999998,151.14999999999998,xml_geometry_csv_action
BootPass_49,46,9,9,Position_Unknown,Team_Unknown,Action_PreSnap,1029.06,373.71,1103.12,490.66,74.05999999999995,116.95000000000005,xml_geometry_csv_action
BootPass_49,47,0,0,Position_Unknown,Team_Unknown,Action_PreSnap,745.31,423.07,862.23,502.95,116.92000000000007,79.88,xml_geometry_csv_action
BootPass_49,47,1,1,Position_Unknown,Team_Unknown,Action_PreSnap,633.68,608.29,735.63,772.69,101.95000000000005,164.4000000000001,xml_geometry_csv_action
BootPass_49,47,10,10,Position_Unknown,Team_Unknown,Action_PreSnap,1604.05,280.87,1668.33,436.32,64.27999999999997,155.45,xml_geometry_csv_action
BootPass_49,47,11,11,Position_Unknown,Team_Unknown,Action_PreSnap,1043.89,464.05,1118.95,608.42,75.05999999999995,144.36999999999995,xml_geometry_csv_action
BootPass_49,47,12,12,Position_Unknown,Team_Unknown,Action_PreSnap,125.48,435.5,203.1,579.45,77.61999999999999,143.95000000000005,xml_geometry_csv_action
BootPass_49,47,13,13,Position_Unknown,Team_Unknown,Action_PreSnap,1133.19,139.16,1198.07,282.84,64.87999999999988,143.67999999999998,xml_geometry_csv_action
BootPass_49,47,14,14,Position_Unknown,Team_Unknown,Action_PreSnap,1430.94,645.6,1505.96,806.04,75.01999999999998,160.43999999999994,xml_geometry_csv_action
BootPass_49,47,15,15,Position_Unknown,Team_Unknown,Action_PreSnap,641.34,440.16,727.38,545.3,86.03999999999996,105.13999999999993,xml_geometry_csv_action
BootPass_49,47,16,16,Position_Unknown,Team_Unknown,Action_PreSnap,585.23,505.54,664.31,636.72,79.07999999999993,131.18,xml_geometry_csv_action
BootPass_49,47,17,17,Position_Unknown,Team_Unknown,Action_PreSnap,758.14,491.1,876.26,574.98,118.12,83.88,xml_geometry_csv_action
BootPass_49,47,18,18,Position_Unknown,Team_Unknown,Action_PreSnap,593.11,469.67,685.23,580.55,92.12,110.87999999999994,xml_geometry_csv_action
BootPass_49,47,19,19,Position_Unknown,Team_Unknown,Action_PreSnap,550.05,370.48,641.06,464.38,91.00999999999999,93.89999999999998,xml_geometry_csv_action
BootPass_49,47,2,2,Position_Unknown,Team_Unknown,Action_PreSnap,429.53,326.3,506.08,479.72,76.55000000000001,153.42000000000002,xml_geometry_csv_action
BootPass_49,47,20,20,Position_Unknown,Team_Unknown,Action_PreSnap,574.36,422.47,646.21,515.65,71.85000000000002,93.17999999999995,xml_geometry_csv_action
BootPass_49,47,21,21,Position_Unknown,Team_Unknown,Action_PreSnap,595.24,405.72,674.56,468.88,79.31999999999994,63.15999999999997,xml_geometry_csv_action
BootPass_49,47,3,3,Position_Unknown,Team_Unknown,Action_PreSnap,1654.94,498.04,1743.39,655.06,88.45000000000005,157.01999999999992,xml_geometry_csv_action
BootPass_49,47,4,4,Position_Unknown,Team_Unknown,Action_PreSnap,730.35,321.92,825.59,429.95,95.24000000000001,108.02999999999997,xml_geometry_csv_action
BootPass_49,47,5,5,Position_Unknown,Team_Unknown,Action_PreSnap,768.08,545.07,883.94,653.0,115.86000000000001,107.92999999999995,xml_geometry_csv_action
BootPass_49,47,6,6,Position_Unknown,Team_Unknown,Action_PreSnap,897.22,569.35,982.08,719.13,84.86000000000001,149.77999999999997,xml_geometry_csv_action
BootPass_49,47,7,7,Position_Unknown,Team_Unknown,Action_PreSnap,571.29,251.77,649.21,391.08,77.92000000000007,139.30999999999997,xml_geometry_csv_action
BootPass_49,47,8,8,Position_Unknown,Team_Unknown,Action_PreSnap,523.03,536.38,605.3,687.37,82.26999999999998,150.99,xml_geometry_csv_action
BootPass_49,47,9,9,Position_Unknown,Team_Unknown,Action_PreSnap,1029.27,373.45,1103.33,490.66,74.05999999999995,117.21000000000004,xml_geometry_csv_action
BootPass_49,48,0,0,Position_Unknown,Team_Unknown,Action_PreSnap,745.93,422.34,863.09,502.34,117.16000000000008,80.0,xml_geometry_csv_action
BootPass_49,48,1,1,Position_Unknown,Team_Unknown,Action_PreSnap,634.09,610.32,736.63,771.98,102.53999999999996,161.65999999999997,xml_geometry_csv_action
BootPass_49,48,10,10,Position_Unknown,Team_Unknown,Action_PreSnap,1603.77,280.9,1668.71,436.42,64.94000000000005,155.52000000000004,xml_geometry_csv_action
BootPass_49,48,11,11,Position_Unknown,Team_Unknown,Action_PreSnap,1043.67,463.77,1118.88,608.46,75.21000000000004,144.69000000000005,xml_geometry_csv_action
BootPass_49,48,12,12,Position_Unknown,Team_Unknown,Action_PreSnap,126.0,435.43,203.05,579.33,77.05000000000001,143.90000000000003,xml_geometry_csv_action
BootPass_49,48,13,13,Position_Unknown,Team_Unknown,Action_PreSnap,1132.74,138.97,1198.01,282.26,65.26999999999998,143.29,xml_geometry_csv_action
BootPass_49,48,14,14,Position_Unknown,Team_Unknown,Action_PreSnap,1434.56,645.05,1507.76,804.98,73.20000000000005,159.93000000000006,xml_geometry_csv_action
BootPass_49,48,15,15,Position_Unknown,Team_Unknown,Action_PreSnap,642.29,436.86,726.95,545.87,84.66000000000008,109.00999999999999,xml_geometry_csv_action
BootPass_49,48,16,16,Position_Unknown,Team_Unknown,Action_PreSnap,584.84,503.77,661.8,636.51,76.95999999999992,132.74,xml_geometry_csv_action
BootPass_49,48,17,17,Position_Unknown,Team_Unknown,Action_PreSnap,757.78,489.47,878.09,571.94,120.31000000000006,82.47000000000003,xml_geometry_csv_action
BootPass_49,48,18,18,Position_Unknown,Team_Unknown,Action_PreSnap,592.85,466.42,684.48,575.92,91.63,109.49999999999994,xml_geometry_csv_action
BootPass_49,48,19,19,Position_Unknown,Team_Unknown,Action_PreSnap,549.3,367.55,642.17,464.61,92.87,97.06,xml_geometry_csv_action
BootPass_49,48,2,2,Position_Unknown,Team_Unknown,Action_PreSnap,430.09,325.04,505.97,479.4,75.88000000000005,154.35999999999996,xml_geometry_csv_action
BootPass_49,48,20,20,Position_Unknown,Team_Unknown,Action_PreSnap,573.26,420.08,645.59,512.16,72.33000000000004,92.07999999999998,xml_geometry_csv_action
BootPass_49,48,21,21,Position_Unknown,Team_Unknown,Action_PreSnap,598.02,403.85,675.62,466.79,77.60000000000002,62.94,xml_geometry_csv_action
BootPass_49,48,3,3,Position_Unknown,Team_Unknown,Action_PreSnap,1655.19,498.34,1743.33,654.99,88.13999999999987,156.65000000000003,xml_geometry_csv_action
BootPass_49,48,4,4,Position_Unknown,Team_Unknown,Action_PreSnap,729.7,321.04,825.98,429.73,96.27999999999997,108.69,xml_geometry_csv_action
BootPass_49,48,5,5,Position_Unknown,Team_Unknown,Action_PreSnap,766.66,543.25,884.75,653.17,118.09000000000003,109.91999999999996,xml_geometry_csv_action
BootPass_49,48,6,6,Position_Unknown,Team_Unknown,Action_PreSnap,896.93,569.26,981.84,718.95,84.91000000000008,149.69000000000005,xml_geometry_csv_action
BootPass_49,48,7,7,Position_Unknown,Team_Unknown,Action_PreSnap,572.41,252.1,649.64,389.96,77.23000000000002,137.85999999999999,xml_geometry_csv_action
BootPass_49,48,8,8,Position_Unknown,Team_Unknown,Action_PreSnap,523.46,536.27,605.23,687.21,81.76999999999998,150.94000000000005,xml_geometry_csv_action
BootPass_49,48,9,9,Position_Unknown,Team_Unknown,Action_PreSnap,1029.4,373.4,1103.47,490.43,74.06999999999994,117.03000000000003,xml_geometry_csv_action
BootPass_49,49,0,0,Position_Unknown,Team_Unknown,Action_PreSnap,745.54,420.78,864.5,501.57,118.96000000000004,80.79000000000002,xml_geometry_csv_action
BootPass_49,49,1,1,Position_Unknown,Team_Unknown,Action_PreSnap,635.5,613.72,738.55,771.17,103.04999999999995,157.44999999999993,xml_geometry_csv_action
BootPass_49,49,10,10,Position_Unknown,Team_Unknown,Action_PreSnap,1603.0,280.64,1668.11,436.4,65.1099999999999,155.76,xml_geometry_csv_action
BootPass_49,49,11,11,Position_Unknown,Team_Unknown,Action_PreSnap,1043.34,463.17,1118.81,608.37,75.47000000000003,145.2,xml_geometry_csv_action
BootPass_49,49,12,12,Position_Unknown,Team_Unknown,Action_PreSnap,126.34,434.64,202.35,579.02,76.00999999999999,144.38,xml_geometry_csv_action
BootPass_49,49,13,13,Position_Unknown,Team_Unknown,Action_PreSnap,1132.23,138.91,1197.67,281.32,65.44000000000005,142.41,xml_geometry_csv_action
BootPass_49,49,14,14,Position_Unknown,Team_Unknown,Action_PreSnap,1438.43,644.7,1509.12,805.0,70.68999999999983,160.29999999999995,xml_geometry_csv_action
BootPass_49,49,15,15,Position_Unknown,Team_Unknown,Action_PreSnap,641.94,432.5,724.45,547.24,82.50999999999999,114.74000000000001,xml_geometry_csv_action
BootPass_49,49,16,16,Position_Unknown,Team_Unknown,Action_PreSnap,584.91,501.58,660.21,635.46,75.30000000000007,133.88000000000005,xml_geometry_csv_action
BootPass_49,49,17,17,Position_Unknown,Team_Unknown,Action_PreSnap,757.31,487.15,878.55,569.2,121.24000000000001,82.05000000000007,xml_geometry_csv_action
BootPass_49,49,18,18,Position_Unknown,Team_Unknown,Action_PreSnap,592.28,464.23,683.99,568.62,91.71000000000004,104.38999999999999,xml_geometry_csv_action
BootPass_49,49,19,19,Position_Unknown,Team_Unknown,Action_PreSnap,545.01,364.06,642.37,463.68,97.36000000000001,99.62,xml_geometry_csv_action
BootPass_49,49,2,2,Position_Unknown,Team_Unknown,Action_PreSnap,431.43,323.84,505.6,479.1,74.17000000000002,155.26000000000005,xml_geometry_csv_action
BootPass_49,49,20,20,Position_Unknown,Team_Unknown,Action_PreSnap,571.56,419.24,644.02,504.8,72.46000000000004,85.56,xml_geometry_csv_action
BootPass_49,49,21,21,Position_Unknown,Team_Unknown,Action_PreSnap,606.36,401.43,677.25,462.83,70.88999999999999,61.39999999999998,xml_geometry_csv_action
BootPass_49,49,3,3,Position_Unknown,Team_Unknown,Action_PreSnap,1655.51,498.48,1743.08,654.53,87.56999999999994,156.04999999999995,xml_geometry_csv_action
BootPass_49,49,4,4,Position_Unknown,Team_Unknown,Action_PreSnap,728.11,319.12,825.4,429.71,97.28999999999996,110.58999999999997,xml_geometry_csv_action
BootPass_49,49,5,5,Position_Unknown,Team_Unknown,Action_PreSnap,765.84,541.39,884.83,652.89,118.99000000000001,111.5,xml_geometry_csv_action
BootPass_49,49,6,6,Position_Unknown,Team_Unknown,Action_PreSnap,895.66,568.87,981.16,718.42,85.5,149.54999999999995,xml_geometry_csv_action
BootPass_49,49,7,7,Position_Unknown,Team_Unknown,Action_PreSnap,574.09,252.32,650.04,387.79,75.94999999999993,135.47000000000003,xml_geometry_csv_action
BootPass_49,49,8,8,Position_Unknown,Team_Unknown,Action_PreSnap,523.34,535.65,605.21,687.06,81.87,151.40999999999997,xml_geometry_csv_action
BootPass_49,49,9,9,Position_Unknown,Team_Unknown,Action_PreSnap,1029.55,372.58,1103.56,490.26,74.00999999999999,117.68,xml_geometry_csv_action
BootPass_49,50,0,0,Position_Unknown,Team_Unknown,Action_PreSnap,745.22,419.22,866.09,500.28,120.87,81.05999999999995,xml_geometry_csv_action
BootPass_49,50,1,1,Position_Unknown,Team_Unknown,Action_PreSnap,637.44,617.68,740.41,771.98,102.96999999999991,154.30000000000007,xml_geometry_csv_action
BootPass_49,50,10,10,Position_Unknown,Team_Unknown,Action_PreSnap,1602.43,280.68,1667.68,436.54,65.25,155.86,xml_geometry_csv_action
BootPass_49,50,11,11,Position_Unknown,Team_Unknown,Action_PreSnap,1042.93,462.66,1118.74,608.4,75.80999999999995,145.73999999999995,xml_geometry_csv_action
BootPass_49,50,12,12,Position_Unknown,Team_Unknown,Action_PreSnap,126.29,433.9,201.96,578.26,75.67,144.36,xml_geometry_csv_action
BootPass_49,50,13,13,Position_Unknown,Team_Unknown,Action_PreSnap,1131.14,138.91,1197.48,281.09,66.33999999999992,142.17999999999998,xml_geometry_csv_action
BootPass_49,50,14,14,Position_Unknown,Team_Unknown,Action_PreSnap,1441.41,644.6,1510.34,805.45,68.92999999999984,160.85000000000002,xml_geometry_csv_action
BootPass_49,50,15,15,Position_Unknown,Team_Unknown,Action_PreSnap,639.67,428.92,721.67,544.07,82.0,115.15000000000003,xml_geometry_csv_action
BootPass_49,50,16,16,Position_Unknown,Team_Unknown,Action_PreSnap,583.84,499.49,658.31,635.04,74.46999999999991,135.54999999999995,xml_geometry_csv_action
BootPass_49,50,17,17,Position_Unknown,Team_Unknown,Action_PreSnap,755.85,483.56,876.87,567.41,121.01999999999998,83.84999999999997,xml_geometry_csv_action
BootPass_49,50,18,18,Position_Unknown,Team_Unknown,Action_PreSnap,591.64,462.11,683.69,561.08,92.05000000000007,98.97000000000003,xml_geometry_csv_action
BootPass_49,50,19,19,Position_Unknown,Team_Unknown,Action_PreSnap,542.31,361.86,642.43,461.2,100.12,99.33999999999997,xml_geometry_csv_action
BootPass_49,50,2,2,Position_Unknown,Team_Unknown,Action_PreSnap,432.31,322.49,505.73,478.61,73.42000000000002,156.12,xml_geometry_csv_action
BootPass_49,50,20,20,Position_Unknown,Team_Unknown,Action_SnapReceive,569.56,416.27,643.36,497.32,73.80000000000007,81.05000000000001,xml_geometry_csv_action
BootPass_49,50,21,21,Position_Unknown,Team_Unknown,Action_PreSnap,607.57,399.03,677.45,460.61,69.88,61.58000000000004,xml_geometry_csv_action
BootPass_49,50,3,3,Position_Unknown,Team_Unknown,Action_PreSnap,1656.07,498.73,1742.67,654.46,86.60000000000014,155.73000000000002,xml_geometry_csv_action
BootPass_49,50,4,4,Position_Unknown,Team_Unknown,Action_PreSnap,726.9,317.12,823.99,429.29,97.09000000000003,112.17000000000002,xml_geometry_csv_action
BootPass_49,50,5,5,Position_Unknown,Team_Unknown,Action_PreSnap,765.02,538.89,885.15,652.29,120.13,113.39999999999998,xml_geometry_csv_action
BootPass_49,50,6,6,Position_Unknown,Team_Unknown,Action_PreSnap,894.55,568.4,980.75,718.5,86.20000000000005,150.10000000000002,xml_geometry_csv_action
BootPass_49,50,7,7,Position_Unknown,Team_Unknown,Action_PreSnap,575.54,252.79,651.08,385.92,75.54000000000008,133.13000000000002,xml_geometry_csv_action
BootPass_49,50,8,8,Position_Unknown,Team_Unknown,Action_PreSnap,523.78,534.8,606.61,686.98,82.83000000000004,152.18000000000006,xml_geometry_csv_action
BootPass_49,50,9,9,Position_Unknown,Team_Unknown,Action_PreSnap,1029.48,371.67,1103.39,490.3,73.91000000000008,118.63,xml_geometry_csv_action
BootPass_49,51,0,0,Position_Unknown,Team_Unknown,Action_PreSnap,744.9,416.95,867.2,499.97,122.30000000000007,83.02000000000004,xml_geometry_csv_action
BootPass_49,51,1,1,Position_Unknown,Team_Unknown,Action_PreSnap,639.9,622.03,742.54,773.3,102.63999999999999,151.26999999999998,xml_geometry_csv_action
BootPass_49,51,10,10,Position_Unknown,Team_Unknown,Action_PreSnap,1602.22,280.67,1667.0,436.67,64.77999999999997,156.0,xml_geometry_csv_action
BootPass_49,51,11,11,Position_Unknown,Team_Unknown,Action_PreSnap,1042.33,461.85,1118.75,608.39,76.42000000000007,146.53999999999996,xml_geometry_csv_action
BootPass_49,51,12,12,Position_Unknown,Team_Unknown,Action_PreSnap,127.07,431.77,202.42,577.33,75.35,145.56000000000006,xml_geometry_csv_action
BootPass_49,51,13,13,Position_Unknown,Team_Unknown,Action_PreSnap,1130.17,138.93,1197.08,281.09,66.90999999999985,142.15999999999997,xml_geometry_csv_action
BootPass_49,51,14,14,Position_Unknown,Team_Unknown,Action_PreSnap,1445.87,644.58,1512.28,806.47,66.41000000000008,161.89,xml_geometry_csv_action
BootPass_49,51,15,15,Position_Unknown,Team_Unknown,Action_PreSnap,637.96,424.62,719.57,533.69,81.61000000000001,109.07000000000005,xml_geometry_csv_action
BootPass_49,51,16,16,Position_Unknown,Team_Unknown,Action_PreSnap,582.42,498.02,655.59,635.31,73.17000000000007,137.28999999999996,xml_geometry_csv_action
BootPass_49,51,17,17,Position_Unknown,Team_Unknown,Action_PreSnap,753.58,479.34,873.3,563.2,119.71999999999991,83.86000000000007,xml_geometry_csv_action
BootPass_49,51,18,18,Position_Unknown,Team_Unknown,Action_PreSnap,593.46,458.12,686.21,559.35,92.75,101.23000000000002,xml_geometry_csv_action
BootPass_49,51,19,19,Position_Unknown,Team_Unknown,Action_PreSnap,540.82,358.67,641.04,457.95,100.21999999999991,99.27999999999997,xml_geometry_csv_action
BootPass_49,51,2,2,Position_Unknown,Team_Unknown,Action_PreSnap,433.87,321.56,506.6,478.17,72.73000000000002,156.61,xml_geometry_csv_action
BootPass_49,51,20,20,Position_Unknown,Team_Unknown,Action_None,568.12,414.58,640.4,507.63,72.27999999999997,93.05000000000001,xml_geometry_csv_action
BootPass_49,51,21,21,Position_Unknown,Team_Unknown,Action_PreSnap,604.67,396.51,676.5,458.97,71.83000000000004,62.460000000000036,xml_geometry_csv_action
BootPass_49,51,3,3,Position_Unknown,Team_Unknown,Action_PreSnap,1656.9,498.9,1742.22,654.35,85.31999999999994,155.45000000000005,xml_geometry_csv_action
BootPass_49,51,4,4,Position_Unknown,Team_Unknown,Action_PreSnap,725.95,315.61,822.0,427.57,96.04999999999995,111.95999999999998,xml_geometry_csv_action
BootPass_49,51,5,5,Position_Unknown,Team_Unknown,Action_PreSnap,763.64,536.1,885.5,652.31,121.86000000000001,116.20999999999992,xml_geometry_csv_action
BootPass_49,51,6,6,Position_Unknown,Team_Unknown,Action_PreSnap,893.52,567.82,980.54,718.53,87.01999999999998,150.70999999999992,xml_geometry_csv_action
BootPass_49,51,7,7,Position_Unknown,Team_Unknown,Action_PreSnap,577.98,253.76,653.16,385.62,75.17999999999995,131.86,xml_geometry_csv_action
BootPass_49,51,8,8,Position_Unknown,Team_Unknown,Action_PreSnap,524.59,533.84,609.76,687.15,85.16999999999996,153.30999999999995,xml_geometry_csv_action
BootPass_49,51,9,9,Position_Unknown,Team_Unknown,Action_PreSnap,1029.71,370.86,1103.38,490.59,73.67000000000007,119.72999999999996,xml_geometry_csv_action
BootPass_49,52,0,0,Position_Unknown,Team_Unknown,Action_PreSnap,742.26,412.94,867.08,503.08,124.82000000000005,90.13999999999999,xml_geometry_csv_action
BootPass_49,52,1,1,Position_Unknown,Team_Unknown,Action_PreSnap,638.36,626.1,744.55,773.93,106.18999999999994,147.82999999999993,xml_geometry_csv_action
BootPass_49,52,10,10,Position_Unknown,Team_Unknown,Action_PreSnap,1601.55,280.61,1666.1,436.74,64.54999999999995,156.13,xml_geometry_csv_action
BootPass_49,52,11,11,Position_Unknown,Team_Unknown,Action_PreSnap,1041.41,461.17,1118.35,608.67,76.93999999999983,147.49999999999994,xml_geometry_csv_action
BootPass_49,52,12,12,Position_Unknown,Team_Unknown,Action_PreSnap,127.82,429.24,203.11,577.61,75.29000000000002,148.37,xml_geometry_csv_action
BootPass_49,52,13,13,Position_Unknown,Team_Unknown,Action_PreSnap,1128.65,138.97,1196.37,281.17,67.7199999999998,142.20000000000002,xml_geometry_csv_action
BootPass_49,52,14,14,Position_Unknown,Team_Unknown,Action_PreSnap,1449.6,645.27,1514.28,808.7,64.68000000000006,163.43000000000006,xml_geometry_csv_action
BootPass_49,52,15,15,Position_Unknown,Team_Unknown,Action_PreSnap,639.88,420.2,718.58,519.76,78.70000000000005,99.56,xml_geometry_csv_action
BootPass_49,52,16,16,Position_Unknown,Team_Unknown,Action_PreSnap,579.47,495.84,653.28,636.22,73.80999999999995,140.38000000000005,xml_geometry_csv_action
BootPass_49,52,17,17,Position_Unknown,Team_Unknown,Action_PreSnap,749.6,474.31,867.68,559.06,118.07999999999993,84.74999999999994,xml_geometry_csv_action
BootPass_49,52,18,18,Position_Unknown,Team_Unknown,Action_PreSnap,601.46,454.5,691.01,558.6,89.54999999999995,104.10000000000002,xml_geometry_csv_action
BootPass_49,52,19,19,Position_Unknown,Team_Unknown,Action_PreSnap,539.57,353.14,639.81,455.02,100.2399999999999,101.88,xml_geometry_csv_action
BootPass_49,52,2,2,Position_Unknown,Team_Unknown,Action_PreSnap,434.1,321.72,506.81,478.02,72.70999999999998,156.29999999999995,xml_geometry_csv_action
BootPass_49,52,20,20,Position_Unknown,Team_Unknown,Action_None,568.66,416.61,638.97,511.06,70.31000000000006,94.44999999999999,xml_geometry_csv_action
BootPass_49,52,21,21,Position_Unknown,Team_Unknown,Action_PreSnap,601.79,392.03,675.02,456.28,73.23000000000002,64.25,xml_geometry_csv_action
BootPass_49,52,3,3,Position_Unknown,Team_Unknown,Action_PreSnap,1657.72,499.31,1741.96,654.7,84.24000000000001,155.39000000000004,xml_geometry_csv_action
BootPass_49,52,4,4,Position_Unknown,Team_Unknown,Action_PreSnap,725.32,314.44,820.79,425.13,95.46999999999991,110.69,xml_geometry_csv_action
BootPass_49,52,5,5,Position_Unknown,Team_Unknown,Action_PreSnap,761.27,532.23,885.66,652.54,124.38999999999999,120.30999999999995,xml_geometry_csv_action
BootPass_49,52,6,6,Position_Unknown,Team_Unknown,Action_PreSnap,892.62,567.55,980.38,718.76,87.75999999999999,151.21000000000004,xml_geometry_csv_action
BootPass_49,52,7,7,Position_Unknown,Team_Unknown,Action_PreSnap,581.7,256.05,655.52,386.09,73.81999999999994,130.03999999999996,xml_geometry_csv_action
BootPass_49,52,8,8,Position_Unknown,Team_Unknown,Action_PreSnap,524.68,533.2,612.2,687.75,87.5200000000001,154.54999999999995,xml_geometry_csv_action
BootPass_49,52,9,9,Position_Unknown,Team_Unknown,Action_PreSnap,1029.45,370.11,1102.98,490.59,73.52999999999997,120.47999999999996,xml_geometry_csv_action
BootPass_49,53,0,0,Position_Unknown,Team_Unknown,Action_PreSnap,738.27,408.35,864.65,505.49,126.38,97.13999999999999,xml_geometry_csv_action
BootPass_49,53,1,1,Position_Unknown,Team_Unknown,Action_PreSnap,636.35,630.08,747.65,772.84,111.29999999999995,142.76,xml_geometry_csv_action
BootPass_49,53,10,10,Position_Unknown,Team_Unknown,Action_PreSnap,1600.99,280.59,1665.19,436.5,64.20000000000005,155.91000000000003,xml_geometry_csv_action
BootPass_49,53,11,11,Position_Unknown,Team_Unknown,Action_PreSnap,1040.67,460.72,1117.84,608.77,77.16999999999985,148.04999999999995,xml_geometry_csv_action
BootPass_49,53,12,12,Position_Unknown,Team_Unknown,Action_PreSnap,128.16,427.7,203.55,577.1,75.39000000000001,149.40000000000003,xml_geometry_csv_action
BootPass_49,53,13,13,Position_Unknown,Team_Unknown,Action_PreSnap,1127.13,139.07,1195.15,280.93,68.01999999999998,141.86,xml_geometry_csv_action
BootPass_49,53,14,14,Position_Unknown,Team_Unknown,Action_PreSnap,1452.08,645.19,1515.73,809.74,63.65000000000009,164.54999999999995,xml_geometry_csv_action
BootPass_49,53,15,15,Position_Unknown,Team_Unknown,Action_PreSnap,640.5,416.97,717.33,543.17,76.83000000000004,126.19999999999993,xml_geometry_csv_action
BootPass_49,53,16,16,Position_Unknown,Team_Unknown,Action_PreSnap,577.46,495.15,651.74,637.4,74.27999999999997,142.25,xml_geometry_csv_action
BootPass_49,53,17,17,Position_Unknown,Team_Unknown,Action_PreSnap,744.42,469.85,858.89,555.66,114.47000000000003,85.80999999999995,xml_geometry_csv_action
BootPass_49,53,18,18,Position_Unknown,Team_Unknown,Action_PreSnap,597.59,448.77,686.2,550.77,88.61000000000001,102.0,xml_geometry_csv_action
BootPass_49,53,19,19,Position_Unknown,Team_Unknown,Action_PreSnap,537.32,349.79,637.16,453.17,99.83999999999992,103.38,xml_geometry_csv_action
BootPass_49,53,2,2,Position_Unknown,Team_Unknown,Action_PreSnap,435.11,322.33,507.42,477.62,72.31,155.29000000000002,xml_geometry_csv_action
BootPass_49,53,20,20,Position_Unknown,Team_Unknown,Action_None,568.67,417.42,636.6,514.51,67.93000000000006,97.08999999999997,xml_geometry_csv_action
BootPass_49,53,21,21,Position_Unknown,Team_Unknown,Action_PreSnap,600.55,388.17,673.38,453.15,72.83000000000004,64.97999999999996,xml_geometry_csv_action
BootPass_49,53,3,3,Position_Unknown,Team_Unknown,Action_PreSnap,1658.58,499.72,1741.64,654.5,83.06000000000017,154.77999999999997,xml_geometry_csv_action
BootPass_49,53,4,4,Position_Unknown,Team_Unknown,Action_PreSnap,724.44,313.54,819.61,423.9,95.16999999999996,110.35999999999996,xml_geometry_csv_action
BootPass_49,53,5,5,Position_Unknown,Team_Unknown,Action_PreSnap,758.98,526.85,884.4,652.28,125.41999999999996,125.42999999999995,xml_geometry_csv_action
BootPass_49,53,6,6,Position_Unknown,Team_Unknown,Action_PreSnap,891.64,566.92,979.72,718.65,88.08000000000004,151.73000000000002,xml_geometry_csv_action
BootPass_49,53,7,7,Position_Unknown,Team_Unknown,Action_PreSnap,586.38,258.89,657.91,386.68,71.52999999999997,127.79000000000002,xml_geometry_csv_action
BootPass_49,53,8,8,Position_Unknown,Team_Unknown,Action_PreSnap,525.85,531.03,612.16,687.98,86.30999999999995,156.95000000000005,xml_geometry_csv_action
BootPass_49,53,9,9,Position_Unknown,Team_Unknown,Action_PreSnap,1028.92,368.86,1102.53,490.43,73.6099999999999,121.57,xml_geometry_csv_action
BootPass_49,54,0,0,Position_Unknown,Team_Unknown,Action_PreSnap,734.2,403.48,859.78,507.44,125.57999999999993,103.95999999999998,xml_geometry_csv_action
BootPass_49,54,1,1,Position_Unknown,Team_Unknown,Action_PreSnap,635.62,632.38,754.52,772.3,118.89999999999998,139.91999999999996,xml_geometry_csv_action
BootPass_49,54,10,10,Position_Unknown,Team_Unknown,Action_PreSnap,1601.76,280.4,1665.64,436.63,63.88000000000011,156.23000000000002,xml_geometry_csv_action
BootPass_49,54,11,11,Position_Unknown,Team_Unknown,Action_PreSnap,1040.59,460.17,1117.95,608.85,77.36000000000013,148.68,xml_geometry_csv_action
BootPass_49,54,12,12,Position_Unknown,Team_Unknown,Action_PreSnap,128.8,427.32,204.82,576.65,76.01999999999998,149.32999999999998,xml_geometry_csv_action
BootPass_49,54,13,13,Position_Unknown,Team_Unknown,Action_PreSnap,1126.19,139.36,1194.89,280.74,68.70000000000005,141.38,xml_geometry_csv_action
BootPass_49,54,14,14,Position_Unknown,Team_Unknown,Action_PreSnap,1454.91,645.09,1519.05,810.39,64.13999999999987,165.29999999999995,xml_geometry_csv_action
BootPass_49,54,15,15,Position_Unknown,Team_Unknown,Action_PreSnap,640.33,414.64,715.37,551.63,75.03999999999996,136.99,xml_geometry_csv_action
BootPass_49,54,16,16,Position_Unknown,Team_Unknown,Action_PreSnap,576.58,489.8,651.46,638.34,74.88,148.54000000000002,xml_geometry_csv_action
BootPass_49,54,17,17,Position_Unknown,Team_Unknown,Action_PreSnap,740.3,465.94,849.71,554.12,109.41000000000008,88.18,xml_geometry_csv_action
BootPass_49,54,18,18,Position_Unknown,Team_Unknown,Action_PreSnap,606.56,444.35,688.86,554.0,82.30000000000007,109.64999999999998,xml_geometry_csv_action
BootPass_49,54,19,19,Position_Unknown,Team_Unknown,Action_PreSnap,538.52,345.73,632.67,456.97,94.14999999999998,111.24000000000001,xml_geometry_csv_action
BootPass_49,54,2,2,Position_Unknown,Team_Unknown,Action_PreSnap,438.29,324.55,508.74,477.88,70.44999999999999,153.32999999999998,xml_geometry_csv_action
BootPass_49,54,20,20,Position_Unknown,Team_Unknown,Action_None,567.39,417.99,634.42,521.68,67.02999999999997,103.68999999999994,xml_geometry_csv_action
BootPass_49,54,21,21,Position_Unknown,Team_Unknown,Action_PreSnap,595.32,383.72,671.94,454.09,76.62,70.36999999999995,xml_geometry_csv_action
BootPass_49,54,3,3,Position_Unknown,Team_Unknown,Action_PreSnap,1660.88,500.47,1742.82,654.32,81.93999999999983,153.85000000000002,xml_geometry_csv_action
BootPass_49,54,4,4,Position_Unknown,Team_Unknown,Action_PreSnap,724.46,313.17,820.0,423.53,95.53999999999996,110.35999999999996,xml_geometry_csv_action
BootPass_49,54,5,5,Position_Unknown,Team_Unknown,Action_PreSnap,755.16,521.58,880.3,652.54,125.13999999999999,130.95999999999992,xml_geometry_csv_action
BootPass_49,54,6,6,Position_Unknown,Team_Unknown,Action_PreSnap,890.56,565.19,979.92,719.02,89.36000000000001,153.82999999999993,xml_geometry_csv_action
BootPass_49,54,7,7,Position_Unknown,Team_Unknown,Action_PreSnap,592.56,262.48,661.33,389.08,68.7700000000001,126.59999999999997,xml_geometry_csv_action
BootPass_49,54,8,8,Position_Unknown,Team_Unknown,Action_PreSnap,527.56,528.43,610.69,688.54,83.13000000000011,160.11,xml_geometry_csv_action
BootPass_49,54,9,9,Position_Unknown,Team_Unknown,Action_PreSnap,1029.0,367.27,1103.06,489.84,74.05999999999995,122.57,xml_geometry_csv_action
BootPass_49,55,0,0,Position_Unknown,Team_Unknown,Action_PreSnap,728.28,398.33,854.53,509.82,126.25,111.49000000000001,xml_geometry_csv_action
BootPass_49,55,1,1,Position_Unknown,Team_Unknown,Action_PreSnap,637.3,633.56,761.35,772.13,124.05000000000007,138.57000000000005,xml_geometry_csv_action
BootPass_49,55,10,10,Position_Unknown,Team_Unknown,Action_PreSnap,1602.29,280.09,1665.66,436.79,63.37000000000012,156.70000000000005,xml_geometry_csv_action
BootPass_49,55,11,11,Position_Unknown,Team_Unknown,Action_PreSnap,1039.91,459.49,1117.74,608.83,77.82999999999993,149.34000000000003,xml_geometry_csv_action
BootPass_49,55,12,12,Position_Unknown,Team_Unknown,Action_PreSnap,128.82,427.65,205.14,576.26,76.32,148.61,xml_geometry_csv_action
BootPass_49,55,13,13,Position_Unknown,Team_Unknown,Action_PreSnap,1124.8,139.78,1194.87,280.63,70.06999999999994,140.85,xml_geometry_csv_action
BootPass_49,55,14,14,Position_Unknown,Team_Unknown,Action_PreSnap,1457.54,645.78,1522.85,810.65,65.30999999999995,164.87,xml_geometry_csv_action
BootPass_49,55,15,15,Position_Unknown,Team_Unknown,Action_PreSnap,641.98,411.97,716.03,538.52,74.04999999999995,126.54999999999995,xml_geometry_csv_action
BootPass_49,55,16,16,Position_Unknown,Team_Unknown,Action_PreSnap,577.1,482.44,648.86,638.98,71.75999999999999,156.54000000000002,xml_geometry_csv_action
BootPass_49,55,17,17,Position_Unknown,Team_Unknown,Action_PreSnap,735.59,460.84,848.25,570.58,112.65999999999997,109.74000000000007,xml_geometry_csv_action
BootPass_49,55,18,18,Position_Unknown,Team_Unknown,Action_PreSnap,613.39,438.58,693.48,557.42,80.09000000000003,118.83999999999997,xml_geometry_csv_action
BootPass_49,55,19,19,Position_Unknown,Team_Unknown,Action_PreSnap,543.04,340.22,630.13,459.46,87.09000000000003,119.23999999999995,xml_geometry_csv_action
BootPass_49,55,2,2,Position_Unknown,Team_Unknown,Action_PreSnap,439.25,327.42,508.87,479.67,69.62,152.25,xml_geometry_csv_action
BootPass_49,55,20,20,Position_Unknown,Team_Unknown,Action_None,565.19,419.55,630.64,523.98,65.44999999999993,104.43,xml_geometry_csv_action
BootPass_49,55,21,21,Position_Unknown,Team_Unknown,Action_PreSnap,596.09,379.28,670.6,455.61,74.50999999999999,76.33000000000004,xml_geometry_csv_action
BootPass_49,55,3,3,Position_Unknown,Team_Unknown,Action_PreSnap,1662.61,501.6,1743.07,654.4,80.46000000000004,152.79999999999995,xml_geometry_csv_action
BootPass_49,55,4,4,Position_Unknown,Team_Unknown,Action_PreSnap,722.61,314.16,827.12,432.76,104.50999999999999,118.59999999999997,xml_geometry_csv_action
BootPass_49,55,5,5,Position_Unknown,Team_Unknown,Action_PreSnap,749.31,515.71,872.84,652.84,123.53000000000009,137.13,xml_geometry_csv_action
BootPass_49,55,6,6,Position_Unknown,Team_Unknown,Action_PreSnap,888.64,563.48,978.9,719.22,90.25999999999999,155.74,xml_geometry_csv_action
BootPass_49,55,7,7,Position_Unknown,Team_Unknown,Action_PreSnap,596.69,266.16,665.11,390.03,68.41999999999996,123.86999999999995,xml_geometry_csv_action
BootPass_49,55,8,8,Position_Unknown,Team_Unknown,Action_PreSnap,529.77,524.72,609.73,688.57,79.96000000000004,163.85000000000002,xml_geometry_csv_action
BootPass_49,55,9,9,Position_Unknown,Team_Unknown,Action_PreSnap,1027.92,365.66,1103.05,489.8,75.12999999999988,124.13999999999999,xml_geometry_csv_action
BootPass_49,56,0,0,Position_Unknown,Team_Unknown,Action_PreSnap,720.66,394.14,851.74,513.02,131.08000000000004,118.88,xml_geometry_csv_action
BootPass_49,56,1,1,Position_Unknown,Team_Unknown,Action_PreSnap,638.91,633.0,768.56,771.62,129.64999999999998,138.62,xml_geometry_csv_action
BootPass_49,56,10,10,Position_Unknown,Team_Unknown,Action_PreSnap,1602.37,279.39,1666.44,437.3,64.07000000000016,157.91000000000003,xml_geometry_csv_action
BootPass_49,56,11,11,Position_Unknown,Team_Unknown,Action_PreSnap,1039.52,458.49,1117.4,608.77,77.88000000000011,150.27999999999997,xml_geometry_csv_action
BootPass_49,56,12,12,Position_Unknown,Team_Unknown,Action_PreSnap,128.09,428.83,204.87,578.84,76.78,150.01000000000005,xml_geometry_csv_action
BootPass_49,56,13,13,Position_Unknown,Team_Unknown,Action_PreSnap,1123.52,139.99,1194.56,280.54,71.03999999999996,140.55,xml_geometry_csv_action
BootPass_49,56,14,14,Position_Unknown,Team_Unknown,Action_PreSnap,1459.36,646.79,1526.11,810.6,66.75,163.81000000000006,xml_geometry_csv_action
BootPass_49,56,15,15,Position_Unknown,Team_Unknown,Action_PreSnap,637.33,409.85,713.75,551.78,76.41999999999996,141.92999999999995,xml_geometry_csv_action
BootPass_49,56,16,16,Position_Unknown,Team_Unknown,Action_PreSnap,576.77,473.37,647.45,638.34,70.68000000000006,164.97000000000003,xml_geometry_csv_action
BootPass_49,56,17,17,Position_Unknown,Team_Unknown,Action_PreSnap,727.88,455.61,847.57,577.62,119.69000000000005,122.00999999999999,xml_geometry_csv_action
BootPass_49,56,19,19,Position_Unknown,Team_Unknown,Action_PreSnap,545.18,335.7,627.16,457.8,81.98000000000002,122.10000000000002,xml_geometry_csv_action
BootPass_49,56,2,2,Position_Unknown,Team_Unknown,Action_PreSnap,436.44,330.81,508.28,481.08,71.83999999999997,150.26999999999998,xml_geometry_csv_action
BootPass_49,56,20,20,Position_Unknown,Team_Unknown,Action_None,560.82,417.78,624.12,525.09,63.299999999999955,107.31000000000006,xml_geometry_csv_action
BootPass_49,56,21,21,Position_Unknown,Team_Unknown,Action_PreSnap,595.56,375.06,668.56,454.86,73.0,79.80000000000001,xml_geometry_csv_action
BootPass_49,56,3,3,Position_Unknown,Team_Unknown,Action_PreSnap,1664.52,502.31,1743.41,655.3,78.8900000000001,152.98999999999995,xml_geometry_csv_action
BootPass_49,56,4,4,Position_Unknown,Team_Unknown,Action_PreSnap,720.05,315.29,830.94,440.86,110.8900000000001,125.57,xml_geometry_csv_action
BootPass_49,56,5,5,Position_Unknown,Team_Unknown,Action_PreSnap,741.21,510.41,867.11,652.64,125.89999999999998,142.22999999999996,xml_geometry_csv_action
BootPass_49,56,6,6,Position_Unknown,Team_Unknown,Action_PreSnap,887.33,561.85,977.52,719.04,90.18999999999994,157.18999999999994,xml_geometry_csv_action
BootPass_49,56,7,7,Position_Unknown,Team_Unknown,Action_PreSnap,600.94,269.9,668.93,388.43,67.9899999999999,118.53000000000003,xml_geometry_csv_action
BootPass_49,56,8,8,Position_Unknown,Team_Unknown,Action_PreSnap,531.36,520.7,611.89,687.35,80.52999999999997,166.64999999999998,xml_geometry_csv_action
BootPass_49,56,9,9,Position_Unknown,Team_Unknown,Action_PreSnap,1026.98,364.06,1102.89,489.03,75.91000000000008,124.96999999999997,xml_geometry_csv_action
BootPass_49,57,0,0,Position_Unknown,Team_Unknown,Action_PreSnap,712.82,391.58,850.39,514.06,137.56999999999994,122.47999999999996,xml_geometry_csv_action
BootPass_49,57,1,1,Position_Unknown,Team_Unknown,Action_PreSnap,645.23,630.96,779.25,771.73,134.01999999999998,140.76999999999998,xml_geometry_csv_action
BootPass_49,57,10,10,Position_Unknown,Team_Unknown,Action_PreSnap,1602.75,278.86,1666.63,437.49,63.88000000000011,158.63,xml_geometry_csv_action
BootPass_49,57,11,11,Position_Unknown,Team_Unknown,Action_PreSnap,1039.42,458.0,1117.36,608.8,77.93999999999983,150.79999999999995,xml_geometry_csv_action
BootPass_49,57,12,12,Position_Unknown,Team_Unknown,Action_PreSnap,128.16,430.83,205.39,582.72,77.22999999999999,151.89000000000004,xml_geometry_csv_action
BootPass_49,57,13,13,Position_Unknown,Team_Unknown,Action_PreSnap,1123.8,140.51,1194.31,280.58,70.50999999999999,140.07,xml_geometry_csv_action
BootPass_49,57,14,14,Position_Unknown,Team_Unknown,Action_PreSnap,1462.75,648.1,1530.31,810.79,67.55999999999995,162.68999999999994,xml_geometry_csv_action
BootPass_49,57,15,15,Position_Unknown,Team_Unknown,Action_PreSnap,631.73,408.54,711.62,562.11,79.88999999999999,153.57,xml_geometry_csv_action
BootPass_49,57,16,16,Position_Unknown,Team_Unknown,Action_PreSnap,574.65,467.89,645.66,634.63,71.00999999999999,166.74,xml_geometry_csv_action
BootPass_49,57,17,17,Position_Unknown,Team_Unknown,Action_PreSnap,721.09,450.73,843.99,580.05,122.89999999999998,129.31999999999994,xml_geometry_csv_action
BootPass_49,57,19,19,Position_Unknown,Team_Unknown,Action_PreSnap,551.17,331.05,625.12,438.03,73.95000000000005,106.97999999999996,xml_geometry_csv_action
BootPass_49,57,2,2,Position_Unknown,Team_Unknown,Action_PreSnap,434.75,335.16,510.4,482.46,75.64999999999998,147.29999999999995,xml_geometry_csv_action
BootPass_49,57,20,20,Position_Unknown,Team_Unknown,Action_None,550.73,412.69,614.91,536.56,64.17999999999995,123.86999999999995,xml_geometry_csv_action
BootPass_49,57,21,21,Position_Unknown,Team_Unknown,Action_PreSnap,595.09,372.61,667.02,456.82,71.92999999999995,84.20999999999998,xml_geometry_csv_action
BootPass_49,57,3,3,Position_Unknown,Team_Unknown,Action_PreSnap,1666.56,503.52,1744.15,656.62,77.59000000000015,153.10000000000002,xml_geometry_csv_action
BootPass_49,57,4,4,Position_Unknown,Team_Unknown,Action_PreSnap,717.76,316.29,832.19,444.45,114.43000000000006,128.15999999999997,xml_geometry_csv_action
BootPass_49,57,5,5,Position_Unknown,Team_Unknown,Action_PreSnap,736.15,506.96,864.78,652.04,128.63,145.07999999999998,xml_geometry_csv_action
BootPass_49,57,6,6,Position_Unknown,Team_Unknown,Action_PreSnap,886.01,560.09,977.13,718.92,91.12,158.82999999999993,xml_geometry_csv_action
BootPass_49,57,7,7,Position_Unknown,Team_Unknown,Action_PreSnap,608.16,272.69,674.21,388.07,66.05000000000007,115.38,xml_geometry_csv_action
BootPass_49,57,8,8,Position_Unknown,Team_Unknown,Action_PreSnap,532.99,519.92,619.98,684.83,86.99000000000001,164.91000000000008,xml_geometry_csv_action
BootPass_49,57,9,9,Position_Unknown,Team_Unknown,Action_PreSnap,1026.92,362.82,1103.12,488.92,76.19999999999982,126.10000000000002,xml_geometry_csv_action
BootPass_49,58,0,0,Position_Unknown,Team_Unknown,Action_PreSnap,705.78,390.29,847.35,514.24,141.57000000000005,123.94999999999999,xml_geometry_csv_action
BootPass_49,58,1,1,Position_Unknown,Team_Unknown,Action_PreSnap,665.38,629.29,788.68,770.78,123.29999999999995,141.49,xml_geometry_csv_action
BootPass_49,58,10,10,Position_Unknown,Team_Unknown,Action_PreSnap,1603.21,279.41,1665.87,438.24,62.659999999999854,158.82999999999998,xml_geometry_csv_action
BootPass_49,58,11,11,Position_Unknown,Team_Unknown,Action_PreSnap,1039.13,457.74,1116.6,609.62,77.4699999999998,151.88,xml_geometry_csv_action
BootPass_49,58,12,12,Position_Unknown,Team_Unknown,Action_PreSnap,126.82,433.7,206.22,585.2,79.4,151.50000000000006,xml_geometry_csv_action
BootPass_49,58,13,13,Position_Unknown,Team_Unknown,Action_PreSnap,1123.54,141.22,1193.48,280.92,69.94000000000005,139.70000000000002,xml_geometry_csv_action
BootPass_49,58,14,14,Position_Unknown,Team_Unknown,Action_PreSnap,1464.95,649.09,1534.09,809.42,69.13999999999987,160.32999999999993,xml_geometry_csv_action
BootPass_49,58,15,15,Position_Unknown,Team_Unknown,Action_PreSnap,619.3,419.56,703.12,572.07,83.82000000000005,152.51000000000005,xml_geometry_csv_action
BootPass_49,58,16,16,Position_Unknown,Team_Unknown,Action_PreSnap,572.05,461.71,641.93,622.39,69.88,160.68,xml_geometry_csv_action
BootPass_49,58,17,17,Position_Unknown,Team_Unknown,Action_PreSnap,717.03,447.2,835.76,577.32,118.73000000000002,130.12000000000006,xml_geometry_csv_action
BootPass_49,58,19,19,Position_Unknown,Team_Unknown,Action_PreSnap,555.67,327.12,624.68,427.79,69.00999999999999,100.67000000000002,xml_geometry_csv_action
BootPass_49,58,2,2,Position_Unknown,Team_Unknown,Action_PreSnap,433.84,339.1,513.61,482.91,79.77000000000004,143.81,xml_geometry_csv_action
BootPass_49,58,20,20,Position_Unknown,Team_Unknown,Action_None,545.77,408.46,607.25,543.46,61.48000000000002,135.00000000000006,xml_geometry_csv_action
BootPass_49,58,21,21,Position_Unknown,Team_Unknown,Action_PreSnap,594.03,369.68,665.66,456.89,71.63,87.20999999999998,xml_geometry_csv_action
BootPass_49,58,3,3,Position_Unknown,Team_Unknown,Action_PreSnap,1668.4,504.82,1744.17,658.86,75.76999999999998,154.04000000000002,xml_geometry_csv_action
BootPass_49,58,4,4,Position_Unknown,Team_Unknown,Action_PreSnap,716.88,316.06,831.91,445.79,115.02999999999997,129.73000000000002,xml_geometry_csv_action
BootPass_49,58,5,5,Position_Unknown,Team_Unknown,Action_PreSnap,728.39,503.49,862.3,652.05,133.90999999999997,148.55999999999995,xml_geometry_csv_action
BootPass_49,58,6,6,Position_Unknown,Team_Unknown,Action_PreSnap,884.35,558.89,976.1,719.59,91.75,160.70000000000005,xml_geometry_csv_action
BootPass_49,58,7,7,Position_Unknown,Team_Unknown,Action_PreSnap,614.6,275.13,680.2,384.82,65.60000000000002,109.69,xml_geometry_csv_action
BootPass_49,58,8,8,Position_Unknown,Team_Unknown,Action_PreSnap,536.29,515.44,623.78,680.68,87.49000000000001,165.2399999999999,xml_geometry_csv_action
BootPass_49,58,9,9,Position_Unknown,Team_Unknown,Action_PreSnap,1026.39,362.11,1102.83,489.16,76.43999999999983,127.05000000000001,xml_geometry_csv_action
BootPass_49,59,0,0,Position_Unknown,Team_Unknown,Action_PreSnap,699.62,390.19,843.53,513.07,143.90999999999997,122.88000000000005,xml_geometry_csv_action
BootPass_49,59,1,1,Position_Unknown,Team_Unknown,Action_PreSnap,676.69,629.5,797.23,772.16,120.53999999999996,142.65999999999997,xml_geometry_csv_action
BootPass_49,59,10,10,Position_Unknown,Team_Unknown,Action_PreSnap,1603.57,280.43,1665.34,438.51,61.76999999999998,158.07999999999998,xml_geometry_csv_action
BootPass_49,59,11,11,Position_Unknown,Team_Unknown,Action_PreSnap,1038.96,457.75,1115.88,610.29,76.92000000000007,152.53999999999996,xml_geometry_csv_action
BootPass_49,59,12,12,Position_Unknown,Team_Unknown,Action_PreSnap,125.83,436.38,207.58,586.99,81.75000000000001,150.61,xml_geometry_csv_action
BootPass_49,59,13,13,Position_Unknown,Team_Unknown,Action_PreSnap,1122.54,142.37,1192.77,281.57,70.23000000000002,139.2,xml_geometry_csv_action
BootPass_49,59,14,14,Position_Unknown,Team_Unknown,Action_PreSnap,1466.5,650.69,1537.05,810.74,70.54999999999995,160.04999999999995,xml_geometry_csv_action
BootPass_49,59,15,15,Position_Unknown,Team_Unknown,Action_PreSnap,615.02,423.87,699.75,571.56,84.73000000000002,147.68999999999994,xml_geometry_csv_action
BootPass_49,59,16,16,Position_Unknown,Team_Unknown,Action_PreSnap,560.49,458.72,638.97,602.61,78.48000000000002,143.89,xml_geometry_csv_action
BootPass_49,59,17,17,Position_Unknown,Team_Unknown,Action_PreSnap,713.7,445.54,819.16,571.17,105.45999999999992,125.62999999999994,xml_geometry_csv_action
BootPass_49,59,18,18,Position_Unknown,Team_Unknown,Action_PreSnap,621.81,407.34,702.06,492.45,80.25,85.11000000000001,xml_geometry_csv_action
BootPass_49,59,19,19,Position_Unknown,Team_Unknown,Action_PreSnap,556.34,325.92,624.01,425.57,67.66999999999996,99.64999999999998,xml_geometry_csv_action
BootPass_49,59,2,2,Position_Unknown,Team_Unknown,Action_PreSnap,434.56,341.94,515.46,483.87,80.90000000000003,141.93,xml_geometry_csv_action
BootPass_49,59,20,20,Position_Unknown,Team_Unknown,Action_None,540.11,405.07,600.95,544.42,60.84000000000003,139.34999999999997,xml_geometry_csv_action
BootPass_49,59,21,21,Position_Unknown,Team_Unknown,Action_PreSnap,592.66,368.24,665.13,454.19,72.47000000000003,85.94999999999999,xml_geometry_csv_action
BootPass_49,59,3,3,Position_Unknown,Team_Unknown,Action_PreSnap,1670.44,506.78,1744.67,661.49,74.23000000000002,154.71000000000004,xml_geometry_csv_action
BootPass_49,59,4,4,Position_Unknown,Team_Unknown,Action_PreSnap,713.78,314.79,829.39,444.0,115.61000000000001,129.20999999999998,xml_geometry_csv_action
BootPass_49,59,5,5,Position_Unknown,Team_Unknown,Action_PreSnap,720.02,501.47,858.57,651.64,138.55000000000007,150.16999999999996,xml_geometry_csv_action
BootPass_49,59,6,6,Position_Unknown,Team_Unknown,Action_PreSnap,883.32,558.44,974.93,720.28,91.6099999999999,161.83999999999992,xml_geometry_csv_action
BootPass_49,59,7,7,Position_Unknown,Team_Unknown,Action_PreSnap,617.38,276.95,686.81,381.51,69.42999999999995,104.56,xml_geometry_csv_action
BootPass_49,59,8,8,Position_Unknown,Team_Unknown,Action_PreSnap,540.91,511.33,627.42,675.57,86.50999999999999,164.24000000000007,xml_geometry_csv_action
BootPass_49,59,9,9,Position_Unknown,Team_Unknown,Action_PreSnap,1025.83,361.88,1102.11,489.82,76.27999999999997,127.94,xml_geometry_csv_action
BootPass_49,60,0,0,Position_Unknown,Team_Unknown,Action_PreSnap,694.32,390.45,839.0,508.31,144.67999999999995,117.86000000000001,xml_geometry_csv_action
BootPass_49,60,1,1,Position_Unknown,Team_Unknown,Action_PreSnap,696.77,629.46,808.03,773.42,111.25999999999999,143.95999999999992,xml_geometry_csv_action
BootPass_49,60,10,10,Position_Unknown,Team_Unknown,Action_PreSnap,1603.97,280.88,1664.81,438.28,60.83999999999992,157.39999999999998,xml_geometry_csv_action
BootPass_49,60,11,11,Position_Unknown,Team_Unknown,Action_PreSnap,1038.72,457.23,1114.95,610.65,76.23000000000002,153.41999999999996,xml_geometry_csv_action
BootPass_49,60,12,12,Position_Unknown,Team_Unknown,Action_PreSnap,124.77,437.39,210.41,587.6,85.64,150.21000000000004,xml_geometry_csv_action
BootPass_49,60,13,13,Position_Unknown,Team_Unknown,Action_PreSnap,1120.34,142.69,1192.45,281.64,72.11000000000013,138.95,xml_geometry_csv_action
BootPass_49,60,14,14,Position_Unknown,Team_Unknown,Action_PreSnap,1467.93,651.83,1541.29,811.08,73.3599999999999,159.25,xml_geometry_csv_action
BootPass_49,60,15,15,Position_Unknown,Team_Unknown,Action_PreSnap,613.94,427.65,702.64,569.02,88.69999999999993,141.37,xml_geometry_csv_action
BootPass_49,60,16,16,Position_Unknown,Team_Unknown,Action_PreSnap,554.87,457.01,636.75,575.82,81.88,118.81000000000006,xml_geometry_csv_action
BootPass_49,60,17,17,Position_Unknown,Team_Unknown,Action_PreSnap,709.59,445.39,796.18,553.87,86.58999999999992,108.48000000000002,xml_geometry_csv_action
BootPass_49,60,18,18,Position_Unknown,Team_Unknown,Action_PreSnap,620.23,399.66,699.65,477.85,79.41999999999996,78.19,xml_geometry_csv_action
BootPass_49,60,19,19,Position_Unknown,Team_Unknown,Action_PreSnap,555.3,324.37,623.22,420.29,67.92000000000007,95.92000000000002,xml_geometry_csv_action
BootPass_49,60,2,2,Position_Unknown,Team_Unknown,Action_PreSnap,437.26,343.36,516.45,484.24,79.19000000000005,140.88,xml_geometry_csv_action
BootPass_49,60,20,20,Position_Unknown,Team_Unknown,Action_None,532.97,401.13,593.1,541.03,60.129999999999995,139.89999999999998,xml_geometry_csv_action
BootPass_49,60,21,21,Position_Unknown,Team_Unknown,Action_PreSnap,591.64,366.72,665.1,450.82,73.46000000000004,84.09999999999997,xml_geometry_csv_action
BootPass_49,60,3,3,Position_Unknown,Team_Unknown,Action_PreSnap,1672.48,507.96,1746.1,662.72,73.61999999999989,154.76000000000005,xml_geometry_csv_action
BootPass_49,60,4,4,Position_Unknown,Team_Unknown,Action_PreSnap,709.82,313.36,823.99,440.4,114.16999999999996,127.03999999999996,xml_geometry_csv_action
BootPass_49,60,5,5,Position_Unknown,Team_Unknown,Action_PreSnap,718.57,501.31,851.06,647.96,132.4899999999999,146.65000000000003,xml_geometry_csv_action
BootPass_49,60,6,6,Position_Unknown,Team_Unknown,Action_PreSnap,882.87,558.48,974.63,720.43,91.75999999999999,161.94999999999993,xml_geometry_csv_action
BootPass_49,60,7,7,Position_Unknown,Team_Unknown,Action_PreSnap,621.15,277.67,693.4,378.92,72.25,101.25,xml_geometry_csv_action
BootPass_49,60,8,8,Position_Unknown,Team_Unknown,Action_PreSnap,544.74,507.38,628.3,669.14,83.55999999999995,161.76,xml_geometry_csv_action
BootPass_49,60,9,9,Position_Unknown,Team_Unknown,Action_PreSnap,1025.43,360.85,1101.28,490.27,75.84999999999991,129.41999999999996,xml_geometry_csv_action
BootPass_49,61,0,0,Position_Unknown,Team_Unknown,Action_PreSnap,689.49,390.6,832.56,505.01,143.06999999999994,114.40999999999997,xml_geometry_csv_action
BootPass_49,61,1,1,Position_Unknown,Team_Unknown,Action_PreSnap,706.27,628.16,819.59,773.36,113.32000000000005,145.20000000000005,xml_geometry_csv_action
BootPass_49,61,10,10,Position_Unknown,Team_Unknown,Action_PreSnap,1604.22,280.85,1664.75,438.06,60.52999999999997,157.20999999999998,xml_geometry_csv_action
BootPass_49,61,11,11,Position_Unknown,Team_Unknown,Action_PreSnap,1038.75,456.42,1114.41,610.57,75.66000000000008,154.15000000000003,xml_geometry_csv_action
BootPass_49,61,12,12,Position_Unknown,Team_Unknown,Action_PreSnap,126.49,436.34,214.41,587.24,87.92,150.90000000000003,xml_geometry_csv_action
BootPass_49,61,13,13,Position_Unknown,Team_Unknown,Action_PreSnap,1118.43,142.69,1192.37,281.57,73.93999999999983,138.88,xml_geometry_csv_action
BootPass_49,61,14,14,Position_Unknown,Team_Unknown,Action_PreSnap,1472.33,652.47,1549.17,807.67,76.84000000000015,155.19999999999993,xml_geometry_csv_action
BootPass_49,61,15,15,Position_Unknown,Team_Unknown,Action_PreSnap,614.88,428.61,703.47,569.82,88.59000000000003,141.21000000000004,xml_geometry_csv_action
BootPass_49,61,16,16,Position_Unknown,Team_Unknown,Action_PreSnap,554.09,453.46,636.77,574.41,82.67999999999995,120.94999999999999,xml_geometry_csv_action
BootPass_49,61,17,17,Position_Unknown,Team_Unknown,Action_PreSnap,705.32,442.78,785.24,547.51,79.91999999999996,104.73000000000002,xml_geometry_csv_action
BootPass_49,61,18,18,Position_Unknown,Team_Unknown,Action_PreSnap,618.32,396.18,696.08,467.65,77.75999999999999,71.46999999999997,xml_geometry_csv_action
BootPass_49,61,19,19,Position_Unknown,Team_Unknown,Action_PreSnap,554.67,323.85,624.35,422.14,69.68000000000006,98.28999999999996,xml_geometry_csv_action
BootPass_49,61,2,2,Position_Unknown,Team_Unknown,Action_PreSnap,441.97,344.3,518.14,483.94,76.16999999999996,139.64,xml_geometry_csv_action
BootPass_49,61,20,20,Position_Unknown,Team_Unknown,Action_None,525.88,398.67,587.65,539.27,61.76999999999998,140.59999999999997,xml_geometry_csv_action
BootPass_49,61,21,21,Position_Unknown,Team_Unknown,Action_PreSnap,588.6,364.61,665.6,454.75,77.0,90.13999999999999,xml_geometry_csv_action
BootPass_49,61,3,3,Position_Unknown,Team_Unknown,Action_PreSnap,1676.04,508.89,1748.75,663.22,72.71000000000004,154.33000000000004,xml_geometry_csv_action
BootPass_49,61,4,4,Position_Unknown,Team_Unknown,Action_PreSnap,705.28,312.36,814.46,434.93,109.18000000000006,122.57,xml_geometry_csv_action
BootPass_49,61,5,5,Position_Unknown,Team_Unknown,Action_PreSnap,714.67,498.82,839.13,644.45,124.46000000000004,145.63000000000005,xml_geometry_csv_action
BootPass_49,61,6,6,Position_Unknown,Team_Unknown,Action_PreSnap,882.48,557.91,973.65,719.91,91.16999999999996,162.0,xml_geometry_csv_action
BootPass_49,61,7,7,Position_Unknown,Team_Unknown,Action_PreSnap,629.02,277.65,701.85,377.99,72.83000000000004,100.34000000000003,xml_geometry_csv_action
BootPass_49,61,8,8,Position_Unknown,Team_Unknown,Action_PreSnap,547.97,504.63,632.68,661.49,84.70999999999992,156.86,xml_geometry_csv_action
BootPass_49,61,9,9,Position_Unknown,Team_Unknown,Action_PreSnap,1025.39,359.42,1101.27,490.37,75.87999999999988,130.95,xml_geometry_csv_action
BootPass_49,62,0,0,Position_Unknown,Team_Unknown,Action_PreSnap,684.5,390.88,822.63,501.72,138.13,110.84000000000003,xml_geometry_csv_action
BootPass_49,62,1,1,Position_Unknown,Team_Unknown,Action_PreSnap,706.85,627.45,830.92,775.77,124.06999999999994,148.31999999999994,xml_geometry_csv_action
BootPass_49,62,10,10,Position_Unknown,Team_Unknown,Action_PreSnap,1604.49,280.76,1664.97,438.1,60.48000000000002,157.34000000000003,xml_geometry_csv_action
BootPass_49,62,11,11,Position_Unknown,Team_Unknown,Action_PreSnap,1037.78,455.4,1112.88,610.63,75.10000000000014,155.23000000000002,xml_geometry_csv_action
BootPass_49,62,12,12,Position_Unknown,Team_Unknown,Action_PreSnap,128.99,434.75,217.75,586.06,88.75999999999999,151.30999999999995,xml_geometry_csv_action
BootPass_49,62,13,13,Position_Unknown,Team_Unknown,Action_PreSnap,1116.23,142.29,1191.4,281.34,75.17000000000007,139.04999999999998,xml_geometry_csv_action
BootPass_49,62,14,14,Position_Unknown,Team_Unknown,Action_PreSnap,1473.99,653.35,1555.82,808.87,81.82999999999993,155.51999999999998,xml_geometry_csv_action
BootPass_49,62,15,15,Position_Unknown,Team_Unknown,Action_PreSnap,616.07,428.71,701.7,570.15,85.63,141.44,xml_geometry_csv_action
BootPass_49,62,16,16,Position_Unknown,Team_Unknown,Action_PreSnap,553.01,450.02,636.62,572.95,83.61000000000001,122.93000000000006,xml_geometry_csv_action
BootPass_49,62,17,17,Position_Unknown,Team_Unknown,Action_PreSnap,698.74,440.37,780.04,549.33,81.29999999999995,108.96000000000004,xml_geometry_csv_action
BootPass_49,62,18,18,Position_Unknown,Team_Unknown,Action_PreSnap,614.86,394.22,687.71,461.03,72.85000000000002,66.80999999999995,xml_geometry_csv_action
BootPass_49,62,19,19,Position_Unknown,Team_Unknown,Action_PreSnap,553.88,322.66,625.73,429.58,71.85000000000002,106.91999999999996,xml_geometry_csv_action
BootPass_49,62,2,2,Position_Unknown,Team_Unknown,Action_PreSnap,446.56,345.22,519.77,485.66,73.20999999999998,140.44,xml_geometry_csv_action
BootPass_49,62,20,20,Position_Unknown,Team_Unknown,Action_None,516.19,397.68,584.58,539.57,68.38999999999999,141.89000000000004,xml_geometry_csv_action
BootPass_49,62,21,21,Position_Unknown,Team_Unknown,Action_PreSnap,587.15,362.39,666.54,454.34,79.38999999999999,91.94999999999999,xml_geometry_csv_action
BootPass_49,62,3,3,Position_Unknown,Team_Unknown,Action_PreSnap,1678.88,510.46,1750.45,663.44,71.56999999999994,152.98000000000008,xml_geometry_csv_action
BootPass_49,62,4,4,Position_Unknown,Team_Unknown,Action_PreSnap,700.24,312.85,805.2,432.47,104.96000000000004,119.62,xml_geometry_csv_action
BootPass_49,62,5,5,Position_Unknown,Team_Unknown,Action_PreSnap,705.98,497.41,822.8,644.41,116.81999999999994,146.99999999999994,xml_geometry_csv_action
BootPass_49,62,6,6,Position_Unknown,Team_Unknown,Action_PreSnap,881.79,557.89,971.9,720.03,90.11000000000001,162.14,xml_geometry_csv_action
BootPass_49,62,7,7,Position_Unknown,Team_Unknown,Action_PreSnap,635.17,277.9,710.01,381.79,74.84000000000003,103.89000000000004,xml_geometry_csv_action
BootPass_49,62,8,8,Position_Unknown,Team_Unknown,Action_PreSnap,547.26,503.05,636.28,655.49,89.01999999999998,152.44,xml_geometry_csv_action
BootPass_49,62,9,9,Position_Unknown,Team_Unknown,Action_PreSnap,1025.5,358.52,1100.14,491.1,74.6400000000001,132.58000000000004,xml_geometry_csv_action
BootPass_49,63,0,0,Position_Unknown,Team_Unknown,Action_PreSnap,678.67,390.31,807.62,501.72,128.95000000000005,111.41000000000003,xml_geometry_csv_action
BootPass_49,63,1,1,Position_Unknown,Team_Unknown,Action_PreSnap,711.59,624.46,844.31,777.16,132.7199999999999,152.69999999999993,xml_geometry_csv_action
BootPass_49,63,10,10,Position_Unknown,Team_Unknown,Action_PreSnap,1604.6,279.87,1665.5,438.22,60.90000000000009,158.35000000000002,xml_geometry_csv_action
BootPass_49,63,11,11,Position_Unknown,Team_Unknown,Action_PreSnap,1037.27,454.54,1111.59,610.69,74.31999999999994,156.15000000000003,xml_geometry_csv_action
BootPass_49,63,12,12,Position_Unknown,Team_Unknown,Action_PreSnap,131.91,430.61,220.66,582.39,88.75,151.77999999999997,xml_geometry_csv_action
BootPass_49,63,13,13,Position_Unknown,Team_Unknown,Action_PreSnap,1113.98,142.09,1189.62,281.07,75.63999999999987,138.98,xml_geometry_csv_action
BootPass_49,63,14,14,Position_Unknown,Team_Unknown,Action_PreSnap,1476.98,654.1,1565.81,810.37,88.82999999999993,156.26999999999998,xml_geometry_csv_action
BootPass_49,63,15,15,Position_Unknown,Team_Unknown,Action_PreSnap,617.46,427.4,700.36,570.46,82.89999999999998,143.06000000000006,xml_geometry_csv_action
BootPass_49,63,16,16,Position_Unknown,Team_Unknown,Action_PreSnap,554.45,447.22,637.68,579.87,83.2299999999999,132.64999999999998,xml_geometry_csv_action
BootPass_49,63,17,17,Position_Unknown,Team_Unknown,Action_PreSnap,692.34,437.93,774.87,544.75,82.52999999999997,106.82,xml_geometry_csv_action
BootPass_49,63,18,18,Position_Unknown,Team_Unknown,Action_PreSnap,616.26,388.66,682.44,457.55,66.18000000000006,68.88999999999999,xml_geometry_csv_action
BootPass_49,63,19,19,Position_Unknown,Team_Unknown,Action_PreSnap,553.41,318.44,628.22,432.09,74.81000000000006,113.64999999999998,xml_geometry_csv_action
BootPass_49,63,2,2,Position_Unknown,Team_Unknown,Action_PreSnap,451.83,346.99,520.81,486.44,68.97999999999996,139.45,xml_geometry_csv_action
BootPass_49,63,20,20,Position_Unknown,Team_Unknown,Action_None,508.5,397.65,580.12,541.56,71.62,143.90999999999997,xml_geometry_csv_action
BootPass_49,63,21,21,Position_Unknown,Team_Unknown,Action_PreSnap,587.39,360.48,668.68,451.93,81.28999999999996,91.44999999999999,xml_geometry_csv_action
BootPass_49,63,3,3,Position_Unknown,Team_Unknown,Action_PreSnap,1681.65,511.89,1752.67,663.51,71.01999999999998,151.62,xml_geometry_csv_action
BootPass_49,63,4,4,Position_Unknown,Team_Unknown,Action_PreSnap,694.14,313.04,793.56,432.11,99.41999999999996,119.07,xml_geometry_csv_action
BootPass_49,63,5,5,Position_Unknown,Team_Unknown,Action_PreSnap,695.88,495.3,800.97,644.07,105.09000000000003,148.77000000000004,xml_geometry_csv_action
BootPass_49,63,6,6,Position_Unknown,Team_Unknown,Action_PreSnap,880.5,558.27,970.95,720.35,90.45000000000005,162.08000000000004,xml_geometry_csv_action
BootPass_49,63,7,7,Position_Unknown,Team_Unknown,Action_PreSnap,644.18,278.27,718.08,381.02,73.90000000000009,102.75,xml_geometry_csv_action
BootPass_49,63,8,8,Position_Unknown,Team_Unknown,Action_PreSnap,545.46,502.4,639.47,649.01,94.00999999999999,146.61,xml_geometry_csv_action
BootPass_49,63,9,9,Position_Unknown,Team_Unknown,Action_PreSnap,1025.38,356.84,1098.75,491.63,73.36999999999989,134.79000000000002,xml_geometry_csv_action
BootPass_49,64,0,0,Position_Unknown,Team_Unknown,Action_PreSnap,676.24,389.88,786.81,503.23,110.56999999999994,113.35000000000002,xml_geometry_csv_action
BootPass_49,64,1,1,Position_Unknown,Team_Unknown,Action_PreSnap,720.55,622.21,858.29,775.39,137.74,153.17999999999995,xml_geometry_csv_action
BootPass_49,64,10,10,Position_Unknown,Team_Unknown,Action_PreSnap,1606.26,278.29,1667.41,437.41,61.15000000000009,159.12,xml_geometry_csv_action
BootPass_49,64,11,11,Position_Unknown,Team_Unknown,Action_PreSnap,1036.13,452.02,1111.12,610.55,74.98999999999978,158.52999999999997,xml_geometry_csv_action
BootPass_49,64,12,12,Position_Unknown,Team_Unknown,Action_PreSnap,141.17,425.59,224.27,574.24,83.10000000000002,148.65000000000003,xml_geometry_csv_action
BootPass_49,64,13,13,Position_Unknown,Team_Unknown,Action_PreSnap,1112.52,141.45,1187.91,280.33,75.3900000000001,138.88,xml_geometry_csv_action
BootPass_49,64,14,14,Position_Unknown,Team_Unknown,Action_PreSnap,1480.76,654.33,1574.67,810.43,93.91000000000008,156.0999999999999,xml_geometry_csv_action
BootPass_49,64,15,15,Position_Unknown,Team_Unknown,Action_PreSnap,620.45,424.13,698.44,568.1,77.99000000000001,143.97000000000003,xml_geometry_csv_action
BootPass_49,64,16,16,Position_Unknown,Team_Unknown,Action_PreSnap,556.69,444.3,641.28,579.69,84.58999999999992,135.39000000000004,xml_geometry_csv_action
BootPass_49,64,17,17,Position_Unknown,Team_Unknown,Action_PreSnap,688.97,434.6,771.81,554.56,82.83999999999992,119.95999999999992,xml_geometry_csv_action
BootPass_49,64,18,18,Position_Unknown,Team_Unknown,Action_PreSnap,614.66,386.72,680.36,456.66,65.70000000000005,69.94,xml_geometry_csv_action
BootPass_49,64,19,19,Position_Unknown,Team_Unknown,Action_PreSnap,552.36,314.92,632.08,435.13,79.72000000000003,120.20999999999998,xml_geometry_csv_action
BootPass_49,64,2,2,Position_Unknown,Team_Unknown,Action_PreSnap,457.1,348.55,522.56,486.34,65.45999999999992,137.78999999999996,xml_geometry_csv_action
BootPass_49,64,20,20,Position_Unknown,Team_Unknown,Action_None,501.05,398.38,576.37,543.35,75.32,144.97000000000003,xml_geometry_csv_action
BootPass_49,64,21,21,Position_Unknown,Team_Unknown,Action_PreSnap,586.99,360.02,671.06,449.79,84.06999999999994,89.77000000000004,xml_geometry_csv_action
BootPass_49,64,3,3,Position_Unknown,Team_Unknown,Action_PreSnap,1685.88,512.87,1755.74,663.32,69.8599999999999,150.45000000000005,xml_geometry_csv_action
BootPass_49,64,4,4,Position_Unknown,Team_Unknown,Action_PreSnap,690.17,313.09,780.6,441.48,90.43000000000006,128.39000000000004,xml_geometry_csv_action
BootPass_49,64,5,5,Position_Unknown,Team_Unknown,Action_PreSnap,685.44,495.61,788.11,644.58,102.66999999999996,148.97000000000003,xml_geometry_csv_action
BootPass_49,64,6,6,Position_Unknown,Team_Unknown,Action_PreSnap,879.88,557.28,971.82,720.7,91.94000000000005,163.42000000000007,xml_geometry_csv_action
BootPass_49,64,7,7,Position_Unknown,Team_Unknown,Action_PreSnap,653.61,278.79,727.96,381.33,74.35000000000002,102.53999999999996,xml_geometry_csv_action
BootPass_49,64,8,8,Position_Unknown,Team_Unknown,Action_PreSnap,545.14,500.33,645.84,644.7,100.70000000000005,144.37000000000006,xml_geometry_csv_action
BootPass_49,64,9,9,Position_Unknown,Team_Unknown,Action_PreSnap,1025.92,353.76,1099.39,491.47,73.47000000000003,137.71000000000004,xml_geometry_csv_action
BootPass_49,65,0,0,Position_Unknown,Team_Unknown,Action_PreSnap,674.9,390.35,762.15,481.36,87.25,91.00999999999999,xml_geometry_csv_action
BootPass_49,65,1,1,Position_Unknown,Team_Unknown,Action_PreSnap,732.59,621.16,871.66,772.67,139.06999999999994,151.51,xml_geometry_csv_action
BootPass_49,65,10,10,Position_Unknown,Team_Unknown,Action_PreSnap,1607.48,276.33,1668.2,436.69,60.72000000000003,160.36,xml_geometry_csv_action
BootPass_49,65,11,11,Position_Unknown,Team_Unknown,Action_PreSnap,1034.74,448.69,1110.87,610.11,76.12999999999988,161.42000000000002,xml_geometry_csv_action
BootPass_49,65,12,12,Position_Unknown,Team_Unknown,Action_PreSnap,152.03,420.9,227.34,568.41,75.31,147.51,xml_geometry_csv_action
BootPass_49,65,13,13,Position_Unknown,Team_Unknown,Action_PreSnap,1110.65,140.83,1184.54,279.65,73.88999999999987,138.81999999999996,xml_geometry_csv_action
BootPass_49,65,14,14,Position_Unknown,Team_Unknown,Action_PreSnap,1485.47,654.27,1581.62,810.85,96.14999999999986,156.58000000000004,xml_geometry_csv_action
BootPass_49,65,15,15,Position_Unknown,Team_Unknown,Action_PreSnap,620.37,421.09,694.08,560.94,73.71000000000004,139.85000000000008,xml_geometry_csv_action
BootPass_49,65,16,16,Position_Unknown,Team_Unknown,Action_PreSnap,556.49,441.32,639.83,581.21,83.34000000000003,139.89000000000004,xml_geometry_csv_action
BootPass_49,65,17,17,Position_Unknown,Team_Unknown,Action_PreSnap,688.79,433.01,769.7,557.77,80.91000000000008,124.75999999999999,xml_geometry_csv_action
BootPass_49,65,18,18,Position_Unknown,Team_Unknown,Action_PreSnap,615.57,385.16,681.36,452.72,65.78999999999996,67.56,xml_geometry_csv_action
BootPass_49,65,19,19,Position_Unknown,Team_Unknown,Action_PreSnap,551.59,312.83,636.11,435.94,84.51999999999998,123.11000000000001,xml_geometry_csv_action
BootPass_49,65,2,2,Position_Unknown,Team_Unknown,Action_PreSnap,461.45,351.02,522.54,484.64,61.089999999999975,133.62,xml_geometry_csv_action
BootPass_49,65,20,20,Position_Unknown,Team_Unknown,Action_None,491.9,398.23,572.13,544.67,80.23000000000002,146.43999999999994,xml_geometry_csv_action
BootPass_49,65,21,21,Position_Unknown,Team_Unknown,Action_PreSnap,580.86,359.24,672.39,456.28,91.52999999999997,97.03999999999996,xml_geometry_csv_action
BootPass_49,65,3,3,Position_Unknown,Team_Unknown,Action_PreSnap,1690.13,513.77,1758.73,663.0,68.59999999999991,149.23000000000002,xml_geometry_csv_action
BootPass_49,65,4,4,Position_Unknown,Team_Unknown,Action_PreSnap,684.53,310.14,768.9,445.92,84.37,135.78000000000003,xml_geometry_csv_action
BootPass_49,65,5,5,Position_Unknown,Team_Unknown,Action_PreSnap,668.28,495.6,783.57,646.07,115.29000000000008,150.47000000000003,xml_geometry_csv_action
BootPass_49,65,6,6,Position_Unknown,Team_Unknown,Action_PreSnap,878.75,556.26,971.58,720.46,92.83000000000004,164.20000000000005,xml_geometry_csv_action
BootPass_49,65,7,7,Position_Unknown,Team_Unknown,Action_PreSnap,655.59,276.97,743.57,381.79,87.98000000000002,104.82,xml_geometry_csv_action
BootPass_49,65,8,8,Position_Unknown,Team_Unknown,Action_PreSnap,543.9,496.85,651.84,644.69,107.94000000000005,147.84000000000003,xml_geometry_csv_action
BootPass_49,65,9,9,Position_Unknown,Team_Unknown,Action_PreSnap,1026.02,350.75,1099.62,490.45,73.59999999999991,139.7,xml_geometry_csv_action
BootPass_49,66,0,0,Position_Unknown,Team_Unknown,Action_PreSnap,673.57,390.69,748.85,466.45,75.27999999999997,75.75999999999999,xml_geometry_csv_action
BootPass_49,66,1,1,Position_Unknown,Team_Unknown,Action_PreSnap,747.07,620.61,883.3,771.85,136.2299999999999,151.24,xml_geometry_csv_action
BootPass_49,66,10,10,Position_Unknown,Team_Unknown,Action_PreSnap,1608.62,273.87,1669.19,434.51,60.570000000000164,160.64,xml_geometry_csv_action
BootPass_49,66,11,11,Position_Unknown,Team_Unknown,Action_PreSnap,1033.81,445.45,1109.76,610.3,75.95000000000005,164.84999999999997,xml_geometry_csv_action
BootPass_49,66,12,12,Position_Unknown,Team_Unknown,Action_PreSnap,156.8,418.08,232.57,568.16,75.76999999999998,150.07999999999998,xml_geometry_csv_action
BootPass_49,66,13,13,Position_Unknown,Team_Unknown,Action_PreSnap,1108.26,140.44,1179.49,278.59,71.23000000000002,138.14999999999998,xml_geometry_csv_action
BootPass_49,66,14,14,Position_Unknown,Team_Unknown,Action_PreSnap,1494.25,654.64,1585.61,810.66,91.3599999999999,156.01999999999998,xml_geometry_csv_action
BootPass_49,66,15,15,Position_Unknown,Team_Unknown,Action_PreSnap,622.76,416.74,692.72,543.5,69.96000000000004,126.75999999999999,xml_geometry_csv_action
BootPass_49,66,16,16,Position_Unknown,Team_Unknown,Action_PreSnap,556.34,439.97,636.34,579.86,80.0,139.89,xml_geometry_csv_action
BootPass_49,66,17,17,Position_Unknown,Team_Unknown,Action_PreSnap,688.02,430.83,766.1,559.99,78.08000000000004,129.16000000000003,xml_geometry_csv_action
BootPass_49,66,18,18,Position_Unknown,Team_Unknown,Action_PreSnap,613.96,383.78,681.99,456.96,68.02999999999997,73.18,xml_geometry_csv_action
BootPass_49,66,19,19,Position_Unknown,Team_Unknown,Action_PreSnap,550.78,310.88,638.29,436.15,87.50999999999999,125.26999999999998,xml_geometry_csv_action
BootPass_49,66,2,2,Position_Unknown,Team_Unknown,Action_PreSnap,463.59,353.13,524.38,487.28,60.79000000000002,134.14999999999998,xml_geometry_csv_action
BootPass_49,66,20,20,Position_Unknown,Team_Unknown,Action_None,483.84,396.49,567.59,545.39,83.75000000000006,148.89999999999998,xml_geometry_csv_action
BootPass_49,66,21,21,Position_Unknown,Team_Unknown,Action_PreSnap,573.84,356.6,672.72,459.64,98.88,103.03999999999996,xml_geometry_csv_action
BootPass_49,66,3,3,Position_Unknown,Team_Unknown,Action_PreSnap,1693.89,514.86,1761.56,662.76,67.66999999999985,147.89999999999998,xml_geometry_csv_action
BootPass_49,66,4,4,Position_Unknown,Team_Unknown,Action_PreSnap,676.77,305.32,763.55,447.58,86.77999999999997,142.26,xml_geometry_csv_action
BootPass_49,66,5,5,Position_Unknown,Team_Unknown,Action_PreSnap,661.75,497.11,781.06,647.46,119.30999999999995,150.35000000000002,xml_geometry_csv_action
BootPass_49,66,6,6,Position_Unknown,Team_Unknown,Action_PreSnap,875.51,554.28,971.48,720.52,95.97000000000003,166.24,xml_geometry_csv_action
BootPass_49,66,7,7,Position_Unknown,Team_Unknown,Action_PreSnap,663.33,275.0,755.89,373.95,92.55999999999995,98.94999999999999,xml_geometry_csv_action
BootPass_49,66,8,8,Position_Unknown,Team_Unknown,Action_PreSnap,543.58,496.13,656.29,644.93,112.70999999999992,148.79999999999995,xml_geometry_csv_action
BootPass_49,66,9,9,Position_Unknown,Team_Unknown,Action_PreSnap,1025.87,347.62,1099.15,490.8,73.2800000000002,143.18,xml_geometry_csv_action
BootPass_49,67,0,0,Position_Unknown,Team_Unknown,Action_PreSnap,669.19,390.78,736.0,451.65,66.80999999999995,60.870000000000005,xml_geometry_csv_action
BootPass_49,67,1,1,Position_Unknown,Team_Unknown,Action_PreSnap,772.78,620.65,894.4,770.2,121.62,149.55000000000007,xml_geometry_csv_action
BootPass_49,67,10,10,Position_Unknown,Team_Unknown,Action_PreSnap,1610.63,271.4,1670.46,431.98,59.82999999999993,160.58000000000004,xml_geometry_csv_action
BootPass_49,67,11,11,Position_Unknown,Team_Unknown,Action_PreSnap,1033.13,442.54,1108.13,608.62,75.0,166.07999999999998,xml_geometry_csv_action
BootPass_49,67,12,12,Position_Unknown,Team_Unknown,Action_PreSnap,157.23,415.52,238.16,568.31,80.93,152.78999999999996,xml_geometry_csv_action
BootPass_49,67,13,13,Position_Unknown,Team_Unknown,Action_PreSnap,1107.11,140.51,1173.8,278.31,66.69000000000005,137.8,xml_geometry_csv_action
BootPass_49,67,14,14,Position_Unknown,Team_Unknown,Action_PreSnap,1497.24,654.99,1588.88,811.92,91.6400000000001,156.92999999999995,xml_geometry_csv_action
BootPass_49,67,15,15,Position_Unknown,Team_Unknown,Action_PreSnap,623.36,413.96,690.52,525.35,67.15999999999997,111.39000000000004,xml_geometry_csv_action
BootPass_49,67,16,16,Position_Unknown,Team_Unknown,Action_PreSnap,556.38,435.53,635.72,582.27,79.34000000000003,146.74,xml_geometry_csv_action
BootPass_49,67,17,17,Position_Unknown,Team_Unknown,Action_PreSnap,688.9,428.2,764.68,563.49,75.77999999999997,135.29000000000002,xml_geometry_csv_action
BootPass_49,67,18,18,Position_Unknown,Team_Unknown,Action_PreSnap,612.99,383.35,679.24,451.4,66.25,68.04999999999995,xml_geometry_csv_action
BootPass_49,67,19,19,Position_Unknown,Team_Unknown,Action_PreSnap,549.4,309.67,641.16,439.07,91.75999999999999,129.39999999999998,xml_geometry_csv_action
BootPass_49,67,2,2,Position_Unknown,Team_Unknown,Action_PreSnap,465.84,355.0,533.29,487.79,67.44999999999999,132.79000000000002,xml_geometry_csv_action
BootPass_49,67,20,20,Position_Unknown,Team_Unknown,Action_None,476.76,393.69,566.27,542.79,89.50999999999999,149.09999999999997,xml_geometry_csv_action
BootPass_49,67,21,21,Position_Unknown,Team_Unknown,Action_PreSnap,577.37,354.85,672.39,454.43,95.01999999999998,99.57999999999998,xml_geometry_csv_action
BootPass_49,67,3,3,Position_Unknown,Team_Unknown,Action_PreSnap,1698.07,515.41,1764.69,662.61,66.62000000000012,147.20000000000005,xml_geometry_csv_action
BootPass_49,67,4,4,Position_Unknown,Team_Unknown,Action_PreSnap,666.94,301.63,757.6,442.53,90.65999999999997,140.89999999999998,xml_geometry_csv_action
BootPass_49,67,5,5,Position_Unknown,Team_Unknown,Action_PreSnap,657.28,498.1,779.48,647.72,122.20000000000005,149.62,xml_geometry_csv_action
BootPass_49,67,6,6,Position_Unknown,Team_Unknown,Action_PreSnap,872.9,551.92,972.01,719.94,99.11000000000001,168.0200000000001,xml_geometry_csv_action
BootPass_49,67,7,7,Position_Unknown,Team_Unknown,Action_PreSnap,689.58,272.57,765.24,367.18,75.65999999999997,94.61000000000001,xml_geometry_csv_action
BootPass_49,67,8,8,Position_Unknown,Team_Unknown,Action_PreSnap,548.15,495.21,662.14,644.79,113.99000000000001,149.57999999999998,xml_geometry_csv_action
BootPass_49,67,9,9,Position_Unknown,Team_Unknown,Action_PreSnap,1025.87,344.05,1099.22,489.05,73.35000000000014,145.0,xml_geometry_csv_action
BootPass_49,68,1,1,Position_Unknown,Team_Unknown,Action_PreSnap,804.74,622.69,904.16,769.01,99.41999999999996,146.31999999999994,xml_geometry_csv_action
BootPass_49,68,10,10,Position_Unknown,Team_Unknown,Action_PreSnap,1611.26,268.57,1670.57,429.11,59.309999999999945,160.54000000000002,xml_geometry_csv_action
BootPass_49,68,11,11,Position_Unknown,Team_Unknown,Action_PreSnap,1030.02,439.9,1103.91,605.71,73.8900000000001,165.81000000000006,xml_geometry_csv_action
BootPass_49,68,12,12,Position_Unknown,Team_Unknown,Action_PreSnap,158.31,412.05,243.14,567.36,84.82999999999998,155.31,xml_geometry_csv_action
BootPass_49,68,13,13,Position_Unknown,Team_Unknown,Action_PreSnap,1104.56,140.44,1167.09,278.76,62.52999999999997,138.32,xml_geometry_csv_action
BootPass_49,68,14,14,Position_Unknown,Team_Unknown,Action_PreSnap,1500.81,654.9,1589.77,812.42,88.96000000000004,157.51999999999998,xml_geometry_csv_action
BootPass_49,68,15,15,Position_Unknown,Team_Unknown,Action_PreSnap,623.49,410.73,688.84,515.78,65.35000000000002,105.04999999999995,xml_geometry_csv_action
BootPass_49,68,16,16,Position_Unknown,Team_Unknown,Action_PreSnap,552.6,432.54,636.28,590.21,83.67999999999995,157.67000000000002,xml_geometry_csv_action
BootPass_49,68,17,17,Position_Unknown,Team_Unknown,Action_PreSnap,687.95,423.18,760.69,570.65,72.74000000000001,147.46999999999997,xml_geometry_csv_action
BootPass_49,68,18,18,Position_Unknown,Team_Unknown,Action_PreSnap,608.98,378.12,673.72,449.04,64.74000000000001,70.92000000000002,xml_geometry_csv_action
BootPass_49,68,19,19,Position_Unknown,Team_Unknown,Action_PreSnap,549.93,308.43,642.28,437.1,92.35000000000002,128.67000000000002,xml_geometry_csv_action
BootPass_49,68,2,2,Position_Unknown,Team_Unknown,Action_PreSnap,465.64,357.47,536.28,490.61,70.63999999999999,133.14,xml_geometry_csv_action
BootPass_49,68,20,20,Position_Unknown,Team_Unknown,Action_None,469.39,390.32,563.33,541.55,93.94000000000005,151.22999999999996,xml_geometry_csv_action
BootPass_49,68,21,21,Position_Unknown,Team_Unknown,Action_PreSnap,573.57,352.89,668.49,453.5,94.91999999999996,100.61000000000001,xml_geometry_csv_action
BootPass_49,68,3,3,Position_Unknown,Team_Unknown,Action_PreSnap,1700.5,515.14,1766.84,662.61,66.33999999999992,147.47000000000003,xml_geometry_csv_action
BootPass_49,68,4,4,Position_Unknown,Team_Unknown,Action_PreSnap,661.93,298.89,751.68,435.36,89.75,136.47000000000003,xml_geometry_csv_action
BootPass_49,68,5,5,Position_Unknown,Team_Unknown,Action_PreSnap,649.82,496.67,774.14,648.74,124.31999999999994,152.07,xml_geometry_csv_action
BootPass_49,68,6,6,Position_Unknown,Team_Unknown,Action_PreSnap,868.62,549.29,969.33,718.75,100.71000000000004,169.46000000000004,xml_geometry_csv_action
BootPass_49,68,7,7,Position_Unknown,Team_Unknown,Action_PreSnap,703.71,270.88,772.14,376.39,68.42999999999995,105.50999999999999,xml_geometry_csv_action
BootPass_49,68,8,8,Position_Unknown,Team_Unknown,Action_PreSnap,548.4,494.81,660.82,642.14,112.42000000000007,147.32999999999998,xml_geometry_csv_action
BootPass_49,68,9,9,Position_Unknown,Team_Unknown,Action_PreSnap,1024.56,340.0,1097.99,486.34,73.43000000000006,146.33999999999997,xml_geometry_csv_action
BootPass_49,69,0,0,Position_Unknown,Team_Unknown,Action_PreSnap,649.68,378.95,714.88,488.64,65.20000000000005,109.69,xml_geometry_csv_action
BootPass_49,69,1,1,Position_Unknown,Team_Unknown,Action_PreSnap,823.75,621.29,916.02,768.26,92.26999999999998,146.97000000000003,xml_geometry_csv_action
BootPass_49,69,10,10,Position_Unknown,Team_Unknown,Action_PreSnap,1612.5,265.54,1671.34,425.03,58.83999999999992,159.48999999999995,xml_geometry_csv_action
BootPass_49,69,11,11,Position_Unknown,Team_Unknown,Action_PreSnap,1027.77,437.12,1100.64,603.0,72.87000000000012,165.88,xml_geometry_csv_action
BootPass_49,69,12,12,Position_Unknown,Team_Unknown,Action_PreSnap,162.21,408.09,247.6,563.11,85.38999999999999,155.02000000000004,xml_geometry_csv_action
BootPass_49,69,13,13,Position_Unknown,Team_Unknown,Action_PreSnap,1102.21,140.56,1161.99,279.83,59.77999999999997,139.26999999999998,xml_geometry_csv_action
BootPass_49,69,14,14,Position_Unknown,Team_Unknown,Action_PreSnap,1510.18,653.93,1591.68,813.53,81.5,159.60000000000002,xml_geometry_csv_action
BootPass_49,69,16,16,Position_Unknown,Team_Unknown,Action_PreSnap,549.42,428.49,638.2,592.82,88.78000000000009,164.33000000000004,xml_geometry_csv_action
BootPass_49,69,17,17,Position_Unknown,Team_Unknown,Action_PreSnap,687.37,418.22,758.66,576.01,71.28999999999996,157.78999999999996,xml_geometry_csv_action
BootPass_49,69,19,19,Position_Unknown,Team_Unknown,Action_PreSnap,551.08,306.13,641.77,433.91,90.68999999999994,127.78000000000003,xml_geometry_csv_action
BootPass_49,69,2,2,Position_Unknown,Team_Unknown,Action_PreSnap,469.75,359.4,544.55,493.65,74.79999999999995,134.25,xml_geometry_csv_action
BootPass_49,69,20,20,Position_Unknown,Team_Unknown,Action_None,461.62,387.19,560.06,539.53,98.43999999999994,152.33999999999997,xml_geometry_csv_action
BootPass_49,69,21,21,Position_Unknown,Team_Unknown,Action_PreSnap,572.88,347.63,662.0,451.79,89.12,104.16000000000003,xml_geometry_csv_action
BootPass_49,69,3,3,Position_Unknown,Team_Unknown,Action_PreSnap,1703.76,514.45,1769.61,661.99,65.84999999999991,147.53999999999996,xml_geometry_csv_action
BootPass_49,69,4,4,Position_Unknown,Team_Unknown,Action_PreSnap,655.98,296.62,745.15,429.33,89.16999999999996,132.70999999999998,xml_geometry_csv_action
BootPass_49,69,5,5,Position_Unknown,Team_Unknown,Action_PreSnap,641.57,494.88,768.42,649.06,126.84999999999991,154.17999999999995,xml_geometry_csv_action
BootPass_49,69,6,6,Position_Unknown,Team_Unknown,Action_PreSnap,863.44,545.06,965.81,716.03,102.36999999999989,170.97000000000003,xml_geometry_csv_action
BootPass_49,69,7,7,Position_Unknown,Team_Unknown,Action_PreSnap,714.37,269.02,780.83,380.62,66.46000000000004,111.60000000000002,xml_geometry_csv_action
BootPass_49,69,8,8,Position_Unknown,Team_Unknown,Action_PreSnap,548.31,494.04,653.53,640.53,105.22000000000003,146.48999999999995,xml_geometry_csv_action
BootPass_49,69,9,9,Position_Unknown,Team_Unknown,Action_PreSnap,1022.54,336.08,1096.3,482.0,73.75999999999999,145.92000000000002,xml_geometry_csv_action
BootPass_49,70,0,0,Position_Unknown,Team_Unknown,Action_PreSnap,646.37,375.5,709.07,501.82,62.700000000000045,126.32,xml_geometry_csv_action
BootPass_49,70,1,1,Position_Unknown,Team_Unknown,Action_PreSnap,827.09,615.74,931.6,767.15,104.50999999999999,151.40999999999997,xml_geometry_csv_action
BootPass_49,70,10,10,Position_Unknown,Team_Unknown,Action_PreSnap,1613.94,262.25,1673.22,421.12,59.27999999999997,158.87,xml_geometry_csv_action
BootPass_49,70,11,11,Position_Unknown,Team_Unknown,Action_PreSnap,1025.4,434.86,1098.02,599.66,72.61999999999989,164.79999999999995,xml_geometry_csv_action
BootPass_49,70,12,12,Position_Unknown,Team_Unknown,Action_PreSnap,168.5,404.44,252.59,559.61,84.09,155.17000000000002,xml_geometry_csv_action
BootPass_49,70,13,13,Position_Unknown,Team_Unknown,Action_PreSnap,1100.36,140.52,1158.44,281.05,58.080000000000155,140.53,xml_geometry_csv_action
BootPass_49,70,14,14,Position_Unknown,Team_Unknown,Action_PreSnap,1517.36,652.82,1595.69,815.77,78.33000000000015,162.94999999999993,xml_geometry_csv_action
BootPass_49,70,16,16,Position_Unknown,Team_Unknown,Action_PreSnap,550.22,426.13,639.57,589.05,89.35000000000002,162.91999999999996,xml_geometry_csv_action
BootPass_49,70,17,17,Position_Unknown,Team_Unknown,Action_PreSnap,687.34,414.86,757.7,578.82,70.36000000000001,163.96000000000004,xml_geometry_csv_action
BootPass_49,70,19,19,Position_Unknown,Team_Unknown,Action_PreSnap,555.47,303.08,642.4,420.34,86.92999999999995,117.25999999999999,xml_geometry_csv_action
BootPass_49,70,2,2,Position_Unknown,Team_Unknown,Action_PreSnap,479.18,361.97,551.3,493.18,72.11999999999995,131.20999999999998,xml_geometry_csv_action
BootPass_49,70,20,20,Position_Unknown,Team_Unknown,Action_None,451.96,382.31,553.34,533.75,101.38000000000005,151.44,xml_geometry_csv_action
BootPass_49,70,21,21,Position_Unknown,Team_Unknown,Action_PreSnap,577.3,347.92,656.45,449.2,79.15000000000009,101.27999999999997,xml_geometry_csv_action
BootPass_49,70,3,3,Position_Unknown,Team_Unknown,Action_PreSnap,1707.76,513.73,1772.4,661.6,64.6400000000001,147.87,xml_geometry_csv_action
BootPass_49,70,4,4,Position_Unknown,Team_Unknown,Action_PreSnap,649.85,294.94,738.07,422.97,88.22000000000003,128.03000000000003,xml_geometry_csv_action
BootPass_49,70,5,5,Position_Unknown,Team_Unknown,Action_PreSnap,635.3,494.11,758.55,649.11,123.25,155.0,xml_geometry_csv_action
BootPass_49,70,6,6,Position_Unknown,Team_Unknown,Action_PreSnap,858.31,541.27,960.17,711.17,101.86000000000001,169.89999999999998,xml_geometry_csv_action
BootPass_49,70,7,7,Position_Unknown,Team_Unknown,Action_PreSnap,722.06,268.33,791.1,384.11,69.04000000000008,115.78000000000003,xml_geometry_csv_action
BootPass_49,70,8,8,Position_Unknown,Team_Unknown,Action_PreSnap,548.83,492.86,651.16,640.43,102.32999999999993,147.56999999999994,xml_geometry_csv_action
BootPass_49,70,9,9,Position_Unknown,Team_Unknown,Action_PreSnap,1020.12,332.53,1095.49,477.6,75.37,145.07000000000005,xml_geometry_csv_action
BootPass_49,71,0,0,Position_Unknown,Team_Unknown,Action_PreSnap,646.09,373.63,707.34,510.45,61.25,136.82,xml_geometry_csv_action
BootPass_49,71,1,1,Position_Unknown,Team_Unknown,Action_PreSnap,832.61,611.17,949.6,766.53,116.99000000000001,155.36,xml_geometry_csv_action
BootPass_49,71,10,10,Position_Unknown,Team_Unknown,Action_PreSnap,1614.96,259.28,1674.73,417.98,59.76999999999998,158.70000000000005,xml_geometry_csv_action
BootPass_49,71,11,11,Position_Unknown,Team_Unknown,Action_PreSnap,1022.81,432.99,1095.13,593.6,72.32000000000016,160.61,xml_geometry_csv_action
BootPass_49,71,12,12,Position_Unknown,Team_Unknown,Action_PreSnap,177.0,400.78,260.06,552.26,83.06,151.48000000000002,xml_geometry_csv_action
BootPass_49,71,13,13,Position_Unknown,Team_Unknown,Action_PreSnap,1097.07,141.59,1155.47,281.93,58.40000000000009,140.34,xml_geometry_csv_action
BootPass_49,71,14,14,Position_Unknown,Team_Unknown,Action_PreSnap,1525.99,652.49,1599.96,816.96,73.97000000000003,164.47000000000003,xml_geometry_csv_action
BootPass_49,71,16,16,Position_Unknown,Team_Unknown,Action_PreSnap,556.36,423.84,640.16,580.2,83.79999999999995,156.36000000000007,xml_geometry_csv_action
BootPass_49,71,17,17,Position_Unknown,Team_Unknown,Action_PreSnap,689.67,412.72,757.75,580.36,68.08000000000004,167.64,xml_geometry_csv_action
BootPass_49,71,19,19,Position_Unknown,Team_Unknown,Action_PreSnap,557.41,299.43,642.35,408.69,84.94000000000005,109.25999999999999,xml_geometry_csv_action
BootPass_49,71,2,2,Position_Unknown,Team_Unknown,Action_PreSnap,480.08,365.31,554.35,494.39,74.27000000000004,129.07999999999998,xml_geometry_csv_action
BootPass_49,71,20,20,Position_Unknown,Team_Unknown,Action_None,441.55,379.9,539.02,530.17,97.46999999999997,150.26999999999998,xml_geometry_csv_action
BootPass_49,71,21,21,Position_Unknown,Team_Unknown,Action_PreSnap,580.58,344.42,652.42,432.01,71.83999999999992,87.58999999999997,xml_geometry_csv_action
BootPass_49,71,3,3,Position_Unknown,Team_Unknown,Action_PreSnap,1711.53,512.91,1776.99,661.93,65.46000000000004,149.01999999999998,xml_geometry_csv_action
BootPass_49,71,4,4,Position_Unknown,Team_Unknown,Action_PreSnap,642.64,294.79,733.62,415.66,90.98000000000002,120.87,xml_geometry_csv_action
BootPass_49,71,5,5,Position_Unknown,Team_Unknown,Action_PreSnap,629.87,492.51,746.99,649.79,117.12,157.27999999999997,xml_geometry_csv_action
BootPass_49,71,6,6,Position_Unknown,Team_Unknown,Action_PreSnap,857.7,537.28,953.59,702.35,95.88999999999999,165.07000000000005,xml_geometry_csv_action
BootPass_49,71,7,7,Position_Unknown,Team_Unknown,Action_PreSnap,726.23,268.95,801.53,385.43,75.29999999999995,116.48000000000002,xml_geometry_csv_action
BootPass_49,71,8,8,Position_Unknown,Team_Unknown,Action_PreSnap,549.08,494.37,649.44,640.34,100.36000000000001,145.97000000000003,xml_geometry_csv_action
BootPass_49,71,9,9,Position_Unknown,Team_Unknown,Action_PreSnap,1017.21,329.69,1094.28,474.82,77.06999999999994,145.13,xml_geometry_csv_action
BootPass_49,72,0,0,Position_Unknown,Team_Unknown,Action_PreSnap,643.14,371.56,707.78,512.87,64.63999999999999,141.31,xml_geometry_csv_action
BootPass_49,72,1,1,Position_Unknown,Team_Unknown,Action_PreSnap,840.65,605.3,965.35,761.28,124.70000000000005,155.98000000000002,xml_geometry_csv_action
BootPass_49,72,10,10,Position_Unknown,Team_Unknown,Action_PreSnap,1616.21,257.59,1676.51,415.33,60.299999999999955,157.74,xml_geometry_csv_action
BootPass_49,72,11,11,Position_Unknown,Team_Unknown,Action_PreSnap,1020.39,432.53,1093.8,593.05,73.40999999999997,160.51999999999998,xml_geometry_csv_action
BootPass_49,72,12,12,Position_Unknown,Team_Unknown,Action_PreSnap,184.69,396.89,271.56,550.38,86.87,153.49,xml_geometry_csv_action
BootPass_49,72,13,13,Position_Unknown,Team_Unknown,Action_PreSnap,1094.08,143.74,1153.94,283.0,59.86000000000013,139.26,xml_geometry_csv_action
BootPass_49,72,14,14,Position_Unknown,Team_Unknown,Action_PreSnap,1532.69,652.87,1604.28,819.14,71.58999999999992,166.26999999999998,xml_geometry_csv_action
BootPass_49,72,16,16,Position_Unknown,Team_Unknown,Action_PreSnap,565.28,421.02,639.44,571.64,74.16000000000008,150.62,xml_geometry_csv_action
BootPass_49,72,17,17,Position_Unknown,Team_Unknown,Action_PreSnap,690.4,410.65,757.8,578.28,67.39999999999998,167.63,xml_geometry_csv_action
BootPass_49,72,18,18,Position_Unknown,Team_Unknown,Action_PreSnap,587.44,369.4,652.02,440.78,64.57999999999993,71.38,xml_geometry_csv_action
BootPass_49,72,19,19,Position_Unknown,Team_Unknown,Action_PreSnap,561.46,295.06,643.37,402.77,81.90999999999997,107.70999999999998,xml_geometry_csv_action
BootPass_49,72,2,2,Position_Unknown,Team_Unknown,Action_PreSnap,478.89,369.64,555.43,498.76,76.53999999999996,129.12,xml_geometry_csv_action
BootPass_49,72,20,20,Position_Unknown,Team_Unknown,Action_None,429.42,378.48,521.41,528.28,91.98999999999995,149.79999999999995,xml_geometry_csv_action
BootPass_49,72,21,21,Position_Unknown,Team_Unknown,Action_PreSnap,580.6,340.13,647.37,420.45,66.76999999999998,80.32,xml_geometry_csv_action
BootPass_49,72,3,3,Position_Unknown,Team_Unknown,Action_PreSnap,1715.12,511.44,1781.22,661.92,66.10000000000014,150.47999999999996,xml_geometry_csv_action
BootPass_49,72,4,4,Position_Unknown,Team_Unknown,Action_PreSnap,637.87,294.41,730.73,409.87,92.86000000000001,115.45999999999998,xml_geometry_csv_action
BootPass_49,72,5,5,Position_Unknown,Team_Unknown,Action_PreSnap,625.39,489.09,734.37,650.28,108.98000000000002,161.19,xml_geometry_csv_action
BootPass_49,72,6,6,Position_Unknown,Team_Unknown,Action_PreSnap,856.91,533.85,938.79,689.88,81.88,156.02999999999997,xml_geometry_csv_action
BootPass_49,72,7,7,Position_Unknown,Team_Unknown,Action_PreSnap,730.68,269.89,815.58,386.35,84.90000000000009,116.46000000000004,xml_geometry_csv_action
BootPass_49,72,8,8,Position_Unknown,Team_Unknown,Action_PreSnap,548.15,493.53,647.91,640.36,99.75999999999999,146.83000000000004,xml_geometry_csv_action
BootPass_49,72,9,9,Position_Unknown,Team_Unknown,Action_PreSnap,1014.82,327.14,1093.34,473.57,78.51999999999987,146.43,xml_geometry_csv_action
BootPass_49,73,0,0,Position_Unknown,Team_Unknown,Action_PreSnap,640.81,368.58,708.26,512.37,67.45000000000005,143.79000000000002,xml_geometry_csv_action
BootPass_49,73,1,1,Position_Unknown,Team_Unknown,Action_PreSnap,856.16,601.96,980.08,756.4,123.92000000000007,154.43999999999994,xml_geometry_csv_action
BootPass_49,73,10,10,Position_Unknown,Team_Unknown,Action_PreSnap,1617.93,256.66,1677.86,413.89,59.929999999999836,157.22999999999996,xml_geometry_csv_action
BootPass_49,73,11,11,Position_Unknown,Team_Unknown,Action_PreSnap,1017.73,433.31,1090.5,596.96,72.76999999999998,163.65000000000003,xml_geometry_csv_action
BootPass_49,73,12,12,Position_Unknown,Team_Unknown,Action_PreSnap,192.48,393.69,275.23,548.22,82.75000000000003,154.53000000000003,xml_geometry_csv_action
BootPass_49,73,13,13,Position_Unknown,Team_Unknown,Action_PreSnap,1090.14,145.94,1152.34,283.76,62.19999999999982,137.82,xml_geometry_csv_action
BootPass_49,73,14,14,Position_Unknown,Team_Unknown,Action_PreSnap,1536.38,653.77,1608.69,825.2,72.30999999999995,171.43000000000006,xml_geometry_csv_action
BootPass_49,73,16,16,Position_Unknown,Team_Unknown,Action_PreSnap,576.01,419.0,641.37,538.05,65.36000000000001,119.04999999999995,xml_geometry_csv_action
BootPass_49,73,17,17,Position_Unknown,Team_Unknown,Action_PreSnap,690.47,408.48,757.49,574.35,67.01999999999998,165.87,xml_geometry_csv_action
BootPass_49,73,18,18,Position_Unknown,Team_Unknown,Action_PreSnap,571.38,367.41,646.93,474.78,75.54999999999995,107.36999999999995,xml_geometry_csv_action
BootPass_49,73,19,19,Position_Unknown,Team_Unknown,Action_PreSnap,572.94,291.08,644.1,378.35,71.15999999999997,87.27000000000004,xml_geometry_csv_action
BootPass_49,73,2,2,Position_Unknown,Team_Unknown,Action_PreSnap,476.77,374.82,557.69,505.15,80.92000000000007,130.32999999999998,xml_geometry_csv_action
BootPass_49,73,20,20,Position_Unknown,Team_Unknown,Action_None,409.1,378.38,509.69,528.16,100.58999999999997,149.77999999999997,xml_geometry_csv_action
BootPass_49,73,21,21,Position_Unknown,Team_Unknown,Action_PreSnap,576.68,333.39,644.12,414.88,67.44000000000005,81.49000000000001,xml_geometry_csv_action
BootPass_49,73,3,3,Position_Unknown,Team_Unknown,Action_PreSnap,1717.62,510.1,1786.09,662.16,68.47000000000003,152.05999999999995,xml_geometry_csv_action
BootPass_49,73,4,4,Position_Unknown,Team_Unknown,Action_PreSnap,633.6,293.35,729.78,408.3,96.17999999999995,114.94999999999999,xml_geometry_csv_action
BootPass_49,73,5,5,Position_Unknown,Team_Unknown,Action_PreSnap,622.07,486.5,723.19,650.21,101.12,163.71000000000004,xml_geometry_csv_action
BootPass_49,73,6,6,Position_Unknown,Team_Unknown,Action_PreSnap,854.6,530.42,932.34,685.33,77.74000000000001,154.91000000000008,xml_geometry_csv_action
BootPass_49,73,7,7,Position_Unknown,Team_Unknown,Action_PreSnap,732.29,269.98,830.06,388.27,97.76999999999998,118.28999999999996,xml_geometry_csv_action
BootPass_49,73,8,8,Position_Unknown,Team_Unknown,Action_PreSnap,548.86,491.57,644.91,640.05,96.04999999999995,148.47999999999996,xml_geometry_csv_action
BootPass_49,73,9,9,Position_Unknown,Team_Unknown,Action_PreSnap,1012.77,325.46,1092.27,471.1,79.5,145.64000000000004,xml_geometry_csv_action
BootPass_49,74,0,0,Position_Unknown,Team_Unknown,Action_PreSnap,637.62,365.92,707.63,508.58,70.00999999999999,142.65999999999997,xml_geometry_csv_action
BootPass_49,74,1,1,Position_Unknown,Team_Unknown,Action_PreSnap,880.51,599.23,993.43,755.98,112.91999999999996,156.75,xml_geometry_csv_action
BootPass_49,74,10,10,Position_Unknown,Team_Unknown,Action_PreSnap,1619.12,256.93,1678.98,413.28,59.86000000000013,156.34999999999997,xml_geometry_csv_action
BootPass_49,74,11,11,Position_Unknown,Team_Unknown,Action_PreSnap,1015.7,435.4,1087.61,597.83,71.90999999999985,162.43000000000006,xml_geometry_csv_action
BootPass_49,74,12,12,Position_Unknown,Team_Unknown,Action_PreSnap,199.42,390.21,280.62,547.0,81.20000000000002,156.79000000000002,xml_geometry_csv_action
BootPass_49,74,13,13,Position_Unknown,Team_Unknown,Action_PreSnap,1082.8,148.27,1151.45,284.41,68.65000000000009,136.14000000000001,xml_geometry_csv_action
BootPass_49,74,14,14,Position_Unknown,Team_Unknown,Action_PreSnap,1540.21,655.44,1614.27,829.56,74.05999999999995,174.1199999999999,xml_geometry_csv_action
BootPass_49,74,16,16,Position_Unknown,Team_Unknown,Action_PreSnap,582.17,415.13,645.11,520.77,62.940000000000055,105.63999999999999,xml_geometry_csv_action
BootPass_49,74,17,17,Position_Unknown,Team_Unknown,Action_PreSnap,689.44,404.84,758.02,571.82,68.57999999999993,166.98000000000008,xml_geometry_csv_action
BootPass_49,74,18,18,Position_Unknown,Team_Unknown,Action_PreSnap,559.28,364.47,642.26,485.85,82.98000000000002,121.38,xml_geometry_csv_action
BootPass_49,74,19,19,Position_Unknown,Team_Unknown,Action_PreSnap,577.59,286.79,644.9,366.9,67.30999999999995,80.10999999999996,xml_geometry_csv_action
BootPass_49,74,2,2,Position_Unknown,Team_Unknown,Action_PreSnap,474.75,378.41,558.14,509.79,83.38999999999999,131.38,xml_geometry_csv_action
BootPass_49,74,20,20,Position_Unknown,Team_Unknown,Action_FakeHandoff,395.19,377.78,504.36,526.79,109.17000000000002,149.01,xml_geometry_csv_action
BootPass_49,74,21,21,Position_Unknown,Team_Unknown,Action_PreSnap,574.76,333.25,640.75,409.49,65.99000000000001,76.24000000000001,xml_geometry_csv_action
BootPass_49,74,3,3,Position_Unknown,Team_Unknown,Action_PreSnap,1719.62,509.3,1790.07,662.59,70.45000000000005,153.29000000000002,xml_geometry_csv_action
BootPass_49,74,4,4,Position_Unknown,Team_Unknown,Action_PreSnap,629.21,289.74,727.82,403.62,98.61000000000001,113.88,xml_geometry_csv_action
BootPass_49,74,5,5,Position_Unknown,Team_Unknown,Action_PreSnap,619.84,480.52,715.81,649.87,95.96999999999991,169.35000000000002,xml_geometry_csv_action
BootPass_49,74,6,6,Position_Unknown,Team_Unknown,Action_PreSnap,852.29,527.5,931.28,686.12,78.99000000000001,158.62,xml_geometry_csv_action
BootPass_49,74,7,7,Position_Unknown,Team_Unknown,Action_PreSnap,736.61,269.41,843.24,388.38,106.63,118.96999999999997,xml_geometry_csv_action
BootPass_49,74,8,8,Position_Unknown,Team_Unknown,Action_PreSnap,549.01,488.06,642.41,641.03,93.39999999999998,152.96999999999997,xml_geometry_csv_action
BootPass_49,74,9,9,Position_Unknown,Team_Unknown,Action_PreSnap,1010.42,324.76,1090.47,470.04,80.05000000000007,145.28000000000003,xml_geometry_csv_action
BootPass_49,75,0,0,Position_Unknown,Team_Unknown,Action_PreSnap,634.06,362.76,708.17,503.59,74.11000000000001,140.82999999999998,xml_geometry_csv_action
BootPass_49,75,1,1,Position_Unknown,Team_Unknown,Action_PreSnap,907.92,597.98,1008.72,751.96,100.80000000000007,153.98000000000002,xml_geometry_csv_action
BootPass_49,75,10,10,Position_Unknown,Team_Unknown,Action_PreSnap,1619.69,258.2,1679.01,413.19,59.319999999999936,154.99,xml_geometry_csv_action
BootPass_49,75,11,11,Position_Unknown,Team_Unknown,Action_PreSnap,1012.72,437.68,1083.82,597.52,71.09999999999991,159.83999999999997,xml_geometry_csv_action
BootPass_49,75,12,12,Position_Unknown,Team_Unknown,Action_PreSnap,204.76,386.37,283.55,543.8,78.79000000000002,157.42999999999995,xml_geometry_csv_action
BootPass_49,75,13,13,Position_Unknown,Team_Unknown,Action_PreSnap,1072.85,151.01,1150.16,284.73,77.31000000000017,133.72000000000003,xml_geometry_csv_action
BootPass_49,75,14,14,Position_Unknown,Team_Unknown,Action_PreSnap,1543.44,657.8,1626.72,830.96,83.27999999999997,173.16000000000008,xml_geometry_csv_action
BootPass_49,75,16,16,Position_Unknown,Team_Unknown,Action_PreSnap,588.39,410.82,649.38,504.42,60.99000000000001,93.60000000000002,xml_geometry_csv_action
BootPass_49,75,17,17,Position_Unknown,Team_Unknown,Action_PreSnap,687.94,403.79,759.13,570.69,71.18999999999994,166.90000000000003,xml_geometry_csv_action
BootPass_49,75,18,18,Position_Unknown,Team_Unknown,Action_PreSnap,554.51,361.59,636.1,492.39,81.59000000000003,130.8,xml_geometry_csv_action
BootPass_49,75,19,19,Position_Unknown,Team_Unknown,Action_PreSnap,578.58,282.68,642.99,362.41,64.40999999999997,79.73000000000002,xml_geometry_csv_action
BootPass_49,75,2,2,Position_Unknown,Team_Unknown,Action_PreSnap,473.63,380.33,556.47,513.2,82.84000000000003,132.87000000000006,xml_geometry_csv_action
BootPass_49,75,20,20,Position_Unknown,Team_Unknown,Action_FakeHandoff,378.92,375.84,500.0,526.4,121.07999999999998,150.56,xml_geometry_csv_action
BootPass_49,75,21,21,Position_Unknown,Team_Unknown,Action_PreSnap,574.22,331.07,635.74,400.46,61.51999999999998,69.38999999999999,xml_geometry_csv_action
BootPass_49,75,3,3,Position_Unknown,Team_Unknown,Action_PreSnap,1724.43,508.44,1794.08,662.7,69.64999999999986,154.26000000000005,xml_geometry_csv_action
BootPass_49,75,4,4,Position_Unknown,Team_Unknown,Action_PreSnap,626.07,285.85,724.34,400.15,98.26999999999998,114.29999999999995,xml_geometry_csv_action
BootPass_49,75,5,5,Position_Unknown,Team_Unknown,Action_PreSnap,619.64,475.35,712.48,649.53,92.84000000000003,174.17999999999995,xml_geometry_csv_action
BootPass_49,75,6,6,Position_Unknown,Team_Unknown,Action_PreSnap,849.03,525.17,928.78,687.83,79.75,162.66000000000008,xml_geometry_csv_action
BootPass_49,75,7,7,Position_Unknown,Team_Unknown,Action_PreSnap,745.25,268.54,855.04,386.86,109.78999999999996,118.32,xml_geometry_csv_action
BootPass_49,75,8,8,Position_Unknown,Team_Unknown,Action_PreSnap,549.64,482.42,643.06,641.42,93.41999999999996,158.99999999999994,xml_geometry_csv_action
BootPass_49,75,9,9,Position_Unknown,Team_Unknown,Action_PreSnap,1007.47,324.82,1088.01,468.7,80.53999999999996,143.88,xml_geometry_csv_action
BootPass_49,76,0,0,Position_Unknown,Team_Unknown,Action_PreSnap,631.32,359.36,706.53,500.54,75.20999999999992,141.18,xml_geometry_csv_action
BootPass_49,76,1,1,Position_Unknown,Team_Unknown,Action_PreSnap,927.74,597.45,1026.43,751.01,98.69000000000005,153.55999999999995,xml_geometry_csv_action
BootPass_49,76,10,10,Position_Unknown,Team_Unknown,Action_PreSnap,1620.69,260.02,1679.52,412.84,58.82999999999993,152.82,xml_geometry_csv_action
BootPass_49,76,11,11,Position_Unknown,Team_Unknown,Action_PreSnap,1009.06,438.09,1080.51,598.98,71.45000000000005,160.89000000000004,xml_geometry_csv_action
BootPass_49,76,12,12,Position_Unknown,Team_Unknown,Action_PreSnap,209.84,382.54,287.0,542.81,77.16,160.26999999999992,xml_geometry_csv_action
BootPass_49,76,13,13,Position_Unknown,Team_Unknown,Action_PreSnap,1064.99,152.72,1149.08,284.71,84.08999999999992,131.98999999999998,xml_geometry_csv_action
BootPass_49,76,14,14,Position_Unknown,Team_Unknown,Action_PreSnap,1545.93,660.52,1635.58,830.61,89.64999999999986,170.09000000000003,xml_geometry_csv_action
BootPass_49,76,15,15,Position_Unknown,Team_Unknown,Action_PreSnap,596.01,407.71,652.16,502.1,56.14999999999998,94.39000000000004,xml_geometry_csv_action
BootPass_49,76,16,16,Position_Unknown,Team_Unknown,Action_PreSnap,594.6,407.89,650.7,542.95,56.10000000000002,135.06000000000006,xml_geometry_csv_action
BootPass_49,76,17,17,Position_Unknown,Team_Unknown,Action_PreSnap,684.26,401.05,760.45,568.53,76.19000000000005,167.47999999999996,xml_geometry_csv_action
BootPass_49,76,18,18,Position_Unknown,Team_Unknown,Action_PreSnap,549.08,358.21,632.85,499.5,83.76999999999998,141.29000000000002,xml_geometry_csv_action
BootPass_49,76,19,19,Position_Unknown,Team_Unknown,Action_PreSnap,577.73,278.87,639.55,362.56,61.819999999999936,83.69,xml_geometry_csv_action
BootPass_49,76,2,2,Position_Unknown,Team_Unknown,Action_PreSnap,471.24,381.92,555.64,523.32,84.39999999999998,141.40000000000003,xml_geometry_csv_action
BootPass_49,76,20,20,Position_Unknown,Team_Unknown,Action_FakeHandoff,365.17,373.63,487.98,523.15,122.81,149.51999999999998,xml_geometry_csv_action
BootPass_49,76,21,21,Position_Unknown,Team_Unknown,Action_PreSnap,574.57,329.64,633.35,394.19,58.77999999999997,64.55000000000001,xml_geometry_csv_action
BootPass_49,76,3,3,Position_Unknown,Team_Unknown,Action_PreSnap,1732.97,507.25,1798.7,662.41,65.73000000000002,155.15999999999997,xml_geometry_csv_action
BootPass_49,76,4,4,Position_Unknown,Team_Unknown,Action_PreSnap,622.83,281.39,718.29,393.95,95.45999999999992,112.56,xml_geometry_csv_action
BootPass_49,76,5,5,Position_Unknown,Team_Unknown,Action_PreSnap,620.78,471.29,712.79,648.41,92.00999999999999,177.11999999999995,xml_geometry_csv_action
BootPass_49,76,6,6,Position_Unknown,Team_Unknown,Action_PreSnap,845.72,523.5,924.68,688.31,78.95999999999992,164.80999999999995,xml_geometry_csv_action
BootPass_49,76,7,7,Position_Unknown,Team_Unknown,Action_PreSnap,757.73,267.35,868.11,386.2,110.38,118.84999999999997,xml_geometry_csv_action
BootPass_49,76,8,8,Position_Unknown,Team_Unknown,Action_PreSnap,549.33,481.64,641.91,641.05,92.57999999999993,159.40999999999997,xml_geometry_csv_action
BootPass_49,76,9,9,Position_Unknown,Team_Unknown,Action_PreSnap,1005.06,325.08,1086.32,468.9,81.25999999999999,143.82,xml_geometry_csv_action
BootPass_49,77,0,0,Position_Unknown,Team_Unknown,Action_PreSnap,628.31,356.34,702.84,495.19,74.53000000000009,138.85000000000002,xml_geometry_csv_action
BootPass_49,77,1,1,Position_Unknown,Team_Unknown,Action_PreSnap,929.8,597.01,1043.65,752.82,113.85000000000014,155.81000000000006,xml_geometry_csv_action
BootPass_49,77,10,10,Position_Unknown,Team_Unknown,Action_PreSnap,1621.11,261.4,1679.83,413.32,58.72000000000003,151.92000000000002,xml_geometry_csv_action
BootPass_49,77,11,11,Position_Unknown,Team_Unknown,Action_PreSnap,1006.12,437.58,1078.94,601.35,72.82000000000005,163.77000000000004,xml_geometry_csv_action
BootPass_49,77,12,12,Position_Unknown,Team_Unknown,Action_PreSnap,214.97,379.28,289.61,537.02,74.64000000000001,157.74,xml_geometry_csv_action
BootPass_49,77,13,13,Position_Unknown,Team_Unknown,Action_PreSnap,1059.21,153.51,1148.95,284.97,89.74000000000001,131.46000000000004,xml_geometry_csv_action
BootPass_49,77,14,14,Position_Unknown,Team_Unknown,Action_PreSnap,1545.41,662.54,1640.41,831.67,95.0,169.13,xml_geometry_csv_action
BootPass_49,77,16,16,Position_Unknown,Team_Unknown,Action_PreSnap,597.29,406.18,653.1,514.39,55.81000000000006,108.20999999999998,xml_geometry_csv_action
BootPass_49,77,17,17,Position_Unknown,Team_Unknown,Action_PreSnap,683.2,398.7,761.61,565.43,78.40999999999997,166.72999999999996,xml_geometry_csv_action
BootPass_49,77,18,18,Position_Unknown,Team_Unknown,Action_PreSnap,543.6,355.71,628.75,503.41,85.14999999999998,147.70000000000005,xml_geometry_csv_action
BootPass_49,77,19,19,Position_Unknown,Team_Unknown,Action_PreSnap,575.62,276.31,635.68,363.22,60.059999999999945,86.91000000000003,xml_geometry_csv_action
BootPass_49,77,2,2,Position_Unknown,Team_Unknown,Action_PreSnap,468.5,383.16,551.29,531.13,82.78999999999996,147.96999999999997,xml_geometry_csv_action
BootPass_49,77,20,20,Position_Unknown,Team_Unknown,Action_FakeHandoff,354.26,372.52,482.32,522.28,128.06,149.76,xml_geometry_csv_action
BootPass_49,77,21,21,Position_Unknown,Team_Unknown,Action_PreSnap,573.96,326.03,631.43,389.91,57.469999999999914,63.88000000000005,xml_geometry_csv_action
BootPass_49,77,3,3,Position_Unknown,Team_Unknown,Action_PreSnap,1740.23,506.14,1803.64,661.31,63.41000000000008,155.16999999999996,xml_geometry_csv_action
BootPass_49,77,4,4,Position_Unknown,Team_Unknown,Action_PreSnap,620.56,278.29,711.26,386.9,90.70000000000005,108.60999999999996,xml_geometry_csv_action
BootPass_49,77,5,5,Position_Unknown,Team_Unknown,Action_PreSnap,621.44,467.48,712.99,646.33,91.54999999999995,178.85000000000002,xml_geometry_csv_action
BootPass_49,77,6,6,Position_Unknown,Team_Unknown,Action_PreSnap,841.69,521.74,920.7,687.43,79.00999999999999,165.68999999999994,xml_geometry_csv_action
BootPass_49,77,7,7,Position_Unknown,Team_Unknown,Action_PreSnap,777.83,267.06,879.75,385.26,101.91999999999996,118.19999999999999,xml_geometry_csv_action
BootPass_49,77,8,8,Position_Unknown,Team_Unknown,Action_PreSnap,547.61,477.77,642.65,641.11,95.03999999999996,163.34000000000003,xml_geometry_csv_action
BootPass_49,77,9,9,Position_Unknown,Team_Unknown,Action_PreSnap,1002.3,325.37,1083.49,468.07,81.19000000000005,142.7,xml_geometry_csv_action
BootPass_49,78,0,0,Position_Unknown,Team_Unknown,Action_PreSnap,624.65,353.43,699.18,488.98,74.52999999999997,135.55,xml_geometry_csv_action
BootPass_49,78,1,1,Position_Unknown,Team_Unknown,Action_PreSnap,932.95,596.53,1056.66,754.28,123.71000000000004,157.75,xml_geometry_csv_action
BootPass_49,78,10,10,Position_Unknown,Team_Unknown,Action_PreSnap,1621.03,262.08,1679.78,413.26,58.75,151.18,xml_geometry_csv_action
BootPass_49,78,11,11,Position_Unknown,Team_Unknown,Action_PreSnap,1002.18,435.11,1076.32,603.77,74.13999999999999,168.65999999999997,xml_geometry_csv_action
BootPass_49,78,12,12,Position_Unknown,Team_Unknown,Action_PreSnap,219.96,375.13,292.35,528.5,72.39000000000001,153.37,xml_geometry_csv_action
BootPass_49,78,13,13,Position_Unknown,Team_Unknown,Action_PreSnap,1056.31,153.15,1148.86,284.86,92.54999999999995,131.71,xml_geometry_csv_action
BootPass_49,78,14,14,Position_Unknown,Team_Unknown,Action_PreSnap,1545.33,663.39,1646.21,831.86,100.88000000000011,168.47000000000003,xml_geometry_csv_action
BootPass_49,78,16,16,Position_Unknown,Team_Unknown,Action_PreSnap,599.06,404.72,657.08,492.51,58.020000000000095,87.78999999999996,xml_geometry_csv_action
BootPass_49,78,17,17,Position_Unknown,Team_Unknown,Action_PreSnap,682.66,396.67,762.34,560.39,79.68000000000006,163.71999999999997,xml_geometry_csv_action
BootPass_49,78,18,18,Position_Unknown,Team_Unknown,Action_PreSnap,535.08,353.89,624.17,507.18,89.08999999999992,153.29000000000002,xml_geometry_csv_action
BootPass_49,78,19,19,Position_Unknown,Team_Unknown,Action_PreSnap,573.4,273.26,631.9,364.52,58.5,91.25999999999999,xml_geometry_csv_action
BootPass_49,78,2,2,Position_Unknown,Team_Unknown,Action_PreSnap,465.56,384.5,541.49,536.57,75.93,152.07000000000005,xml_geometry_csv_action
BootPass_49,78,20,20,Position_Unknown,Team_Unknown,Action_FakeHandoff,341.85,371.78,472.83,520.68,130.97999999999996,148.89999999999998,xml_geometry_csv_action
BootPass_49,78,21,21,Position_Unknown,Team_Unknown,Action_PreSnap,572.45,323.7,628.3,385.72,55.84999999999991,62.02000000000004,xml_geometry_csv_action
BootPass_49,78,3,3,Position_Unknown,Team_Unknown,Action_PreSnap,1746.05,505.17,1809.04,659.68,62.99000000000001,154.50999999999993,xml_geometry_csv_action
BootPass_49,78,4,4,Position_Unknown,Team_Unknown,Action_PreSnap,618.18,275.32,704.41,381.76,86.23000000000002,106.44,xml_geometry_csv_action
BootPass_49,78,5,5,Position_Unknown,Team_Unknown,Action_PreSnap,622.29,465.72,712.23,641.34,89.94000000000005,175.62,xml_geometry_csv_action
BootPass_49,78,6,6,Position_Unknown,Team_Unknown,Action_PreSnap,837.13,520.6,917.07,687.74,79.94000000000005,167.14,xml_geometry_csv_action
BootPass_49,78,7,7,Position_Unknown,Team_Unknown,Action_PreSnap,804.88,267.37,891.54,385.79,86.65999999999997,118.42000000000002,xml_geometry_csv_action
BootPass_49,78,8,8,Position_Unknown,Team_Unknown,Action_PreSnap,543.18,477.1,637.59,639.2,94.41000000000008,162.10000000000002,xml_geometry_csv_action
BootPass_49,78,9,9,Position_Unknown,Team_Unknown,Action_PreSnap,999.59,325.69,1080.92,466.89,81.33000000000004,141.2,xml_geometry_csv_action
BootPass_49,79,0,0,Position_Unknown,Team_Unknown,Action_PreSnap,619.57,350.15,694.96,476.5,75.38999999999999,126.35000000000002,xml_geometry_csv_action
BootPass_49,79,1,1,Position_Unknown,Team_Unknown,Action_PreSnap,944.48,592.15,1075.75,749.76,131.26999999999998,157.61,xml_geometry_csv_action
BootPass_49,79,10,10,Position_Unknown,Team_Unknown,Action_PreSnap,1621.21,263.12,1680.67,412.67,59.460000000000036,149.55,xml_geometry_csv_action
BootPass_49,79,11,11,Position_Unknown,Team_Unknown,Action_PreSnap,1000.04,432.94,1075.2,605.91,75.16000000000008,172.96999999999997,xml_geometry_csv_action
BootPass_49,79,12,12,Position_Unknown,Team_Unknown,Action_PreSnap,224.14,368.64,297.36,524.15,73.22000000000003,155.51,xml_geometry_csv_action
BootPass_49,79,13,13,Position_Unknown,Team_Unknown,Action_PreSnap,1057.21,152.4,1148.88,285.13,91.67000000000007,132.73,xml_geometry_csv_action
BootPass_49,79,14,14,Position_Unknown,Team_Unknown,Action_PreSnap,1546.47,662.49,1653.3,831.06,106.82999999999993,168.56999999999994,xml_geometry_csv_action
BootPass_49,79,16,16,Position_Unknown,Team_Unknown,Action_PreSnap,608.19,404.35,667.36,482.92,59.16999999999996,78.57,xml_geometry_csv_action
BootPass_49,79,17,17,Position_Unknown,Team_Unknown,Action_PreSnap,681.74,395.63,764.21,556.47,82.47000000000003,160.84000000000003,xml_geometry_csv_action
BootPass_49,79,18,18,Position_Unknown,Team_Unknown,Action_PreSnap,529.21,353.23,619.44,510.63,90.23000000000002,157.39999999999998,xml_geometry_csv_action
BootPass_49,79,19,19,Position_Unknown,Team_Unknown,Action_PreSnap,573.02,269.96,630.63,355.72,57.610000000000014,85.76000000000005,xml_geometry_csv_action
BootPass_49,79,2,2,Position_Unknown,Team_Unknown,Action_PreSnap,463.1,386.16,536.71,540.46,73.61000000000001,154.3,xml_geometry_csv_action
BootPass_49,79,20,20,Position_Unknown,Team_Unknown,Action_FakeHandoff,331.61,372.11,462.99,517.06,131.38,144.94999999999993,xml_geometry_csv_action
BootPass_49,79,21,21,Position_Unknown,Team_Unknown,Action_PreSnap,571.81,321.91,625.81,379.72,54.0,57.81,xml_geometry_csv_action
BootPass_49,79,3,3,Position_Unknown,Team_Unknown,Action_PreSnap,1751.59,503.71,1816.7,657.31,65.11000000000013,153.59999999999997,xml_geometry_csv_action
BootPass_49,79,4,4,Position_Unknown,Team_Unknown,Action_PreSnap,616.62,272.38,697.7,378.37,81.08000000000004,105.99000000000001,xml_geometry_csv_action
BootPass_49,79,5,5,Position_Unknown,Team_Unknown,Action_PreSnap,623.61,463.49,713.51,635.47,89.89999999999998,171.98000000000002,xml_geometry_csv_action
BootPass_49,79,6,6,Position_Unknown,Team_Unknown,Action_PreSnap,834.55,520.18,915.96,689.47,81.41000000000008,169.29000000000008,xml_geometry_csv_action
BootPass_49,79,7,7,Position_Unknown,Team_Unknown,Action_PreSnap,830.77,268.4,904.55,385.43,73.77999999999997,117.03000000000003,xml_geometry_csv_action
BootPass_49,79,8,8,Position_Unknown,Team_Unknown,Action_PreSnap,535.44,477.79,638.19,637.83,102.75,160.04000000000002,xml_geometry_csv_action
BootPass_49,79,9,9,Position_Unknown,Team_Unknown,Action_PreSnap,997.11,325.54,1078.99,466.96,81.88,141.41999999999996,xml_geometry_csv_action
BootPass_49,80,0,0,Position_Unknown,Team_Unknown,Action_PreSnap,615.42,348.04,691.94,470.24,76.5200000000001,122.19999999999999,xml_geometry_csv_action
BootPass_49,80,1,1,Position_Unknown,Team_Unknown,Action_PreSnap,960.17,586.19,1094.22,745.41,134.05000000000007,159.2199999999999,xml_geometry_csv_action
BootPass_49,80,10,10,Position_Unknown,Team_Unknown,Action_PreSnap,1621.25,263.72,1681.86,412.11,60.6099999999999,148.39,xml_geometry_csv_action
BootPass_49,80,11,11,Position_Unknown,Team_Unknown,Action_PreSnap,998.55,430.85,1072.19,601.45,73.6400000000001,170.60000000000002,xml_geometry_csv_action
BootPass_49,80,12,12,Position_Unknown,Team_Unknown,Action_PreSnap,228.52,365.52,302.46,520.94,73.93999999999997,155.42000000000007,xml_geometry_csv_action
BootPass_49,80,13,13,Position_Unknown,Team_Unknown,Action_PreSnap,1054.78,150.62,1148.33,284.74,93.54999999999995,134.12,xml_geometry_csv_action
BootPass_49,80,14,14,Position_Unknown,Team_Unknown,Action_PreSnap,1547.68,661.16,1660.04,830.82,112.3599999999999,169.66000000000008,xml_geometry_csv_action
BootPass_49,80,15,15,Position_Unknown,Team_Unknown,Action_PreSnap,581.75,384.35,643.51,481.7,61.75999999999999,97.34999999999997,xml_geometry_csv_action
BootPass_49,80,16,16,Position_Unknown,Team_Unknown,Action_PreSnap,609.11,404.92,669.35,478.92,60.24000000000001,74.0,xml_geometry_csv_action
BootPass_49,80,17,17,Position_Unknown,Team_Unknown,Action_PreSnap,682.18,395.39,765.59,553.86,83.41000000000008,158.47000000000003,xml_geometry_csv_action
BootPass_49,80,18,18,Position_Unknown,Team_Unknown,Action_PreSnap,525.25,353.8,615.79,506.65,90.53999999999996,152.84999999999997,xml_geometry_csv_action
BootPass_49,80,19,19,Position_Unknown,Team_Unknown,Action_PreSnap,571.24,267.13,628.67,352.02,57.42999999999995,84.88999999999999,xml_geometry_csv_action
BootPass_49,80,2,2,Position_Unknown,Team_Unknown,Action_PreSnap,458.9,387.77,537.06,542.71,78.15999999999997,154.94000000000005,xml_geometry_csv_action
BootPass_49,80,20,20,Position_Unknown,Team_Unknown,Action_FakeHandoff,323.73,373.26,444.84,515.53,121.10999999999996,142.26999999999998,xml_geometry_csv_action
BootPass_49,80,21,21,Position_Unknown,Team_Unknown,Action_PreSnap,570.32,317.91,623.44,377.93,53.120000000000005,60.01999999999998,xml_geometry_csv_action
BootPass_49,80,3,3,Position_Unknown,Team_Unknown,Action_PreSnap,1754.94,502.07,1823.45,656.61,68.50999999999999,154.54000000000002,xml_geometry_csv_action
BootPass_49,80,4,4,Position_Unknown,Team_Unknown,Action_PreSnap,615.26,269.79,690.38,376.81,75.12,107.01999999999998,xml_geometry_csv_action
BootPass_49,80,5,5,Position_Unknown,Team_Unknown,Action_PreSnap,622.84,460.9,714.59,629.55,91.75,168.64999999999998,xml_geometry_csv_action
BootPass_49,80,6,6,Position_Unknown,Team_Unknown,Action_PreSnap,830.94,519.79,914.95,690.58,84.00999999999999,170.79000000000008,xml_geometry_csv_action
BootPass_49,80,7,7,Position_Unknown,Team_Unknown,Action_PreSnap,839.57,268.72,917.84,386.12,78.26999999999998,117.39999999999998,xml_geometry_csv_action
BootPass_49,80,8,8,Position_Unknown,Team_Unknown,Action_PreSnap,529.68,479.77,637.71,639.2,108.03000000000009,159.43000000000006,xml_geometry_csv_action
BootPass_49,80,9,9,Position_Unknown,Team_Unknown,Action_PreSnap,994.05,323.5,1076.65,466.17,82.60000000000014,142.67000000000002,xml_geometry_csv_action
BootPass_49,81,0,0,Position_Unknown,Team_Unknown,Action_PreSnap,611.64,347.32,687.05,456.22,75.40999999999997,108.90000000000003,xml_geometry_csv_action
BootPass_49,81,1,1,Position_Unknown,Team_Unknown,Action_PreSnap,989.26,586.04,1109.06,743.13,119.79999999999995,157.09000000000003,xml_geometry_csv_action
BootPass_49,81,10,10,Position_Unknown,Team_Unknown,Action_PreSnap,1621.98,264.67,1683.48,412.39,61.5,147.71999999999997,xml_geometry_csv_action
BootPass_49,81,11,11,Position_Unknown,Team_Unknown,Action_PreSnap,996.38,427.0,1069.76,596.86,73.38,169.86,xml_geometry_csv_action
BootPass_49,81,12,12,Position_Unknown,Team_Unknown,Action_PreSnap,231.42,362.34,306.66,520.21,75.24000000000004,157.87000000000006,xml_geometry_csv_action
BootPass_49,81,13,13,Position_Unknown,Team_Unknown,Action_PreSnap,1052.21,148.55,1144.69,283.93,92.48000000000002,135.38,xml_geometry_csv_action
BootPass_49,81,14,14,Position_Unknown,Team_Unknown,Action_PreSnap,1550.06,660.06,1667.5,830.47,117.44000000000005,170.41000000000008,xml_geometry_csv_action
BootPass_49,81,15,15,Position_Unknown,Team_Unknown,Action_PreSnap,577.05,379.11,642.43,478.6,65.38,99.49000000000001,xml_geometry_csv_action
BootPass_49,81,16,16,Position_Unknown,Team_Unknown,Action_PreSnap,609.68,406.28,671.79,481.63,62.110000000000014,75.35000000000002,xml_geometry_csv_action
BootPass_49,81,17,17,Position_Unknown,Team_Unknown,Action_PreSnap,680.11,395.04,767.35,552.78,87.24000000000001,157.73999999999995,xml_geometry_csv_action
BootPass_49,81,18,18,Position_Unknown,Team_Unknown,Action_PreSnap,521.85,354.18,614.41,504.42,92.55999999999995,150.24,xml_geometry_csv_action
BootPass_49,81,19,19,Position_Unknown,Team_Unknown,Action_PreSnap,569.03,263.34,627.84,350.66,58.81000000000006,87.32000000000005,xml_geometry_csv_action
BootPass_49,81,2,2,Position_Unknown,Team_Unknown,Action_PreSnap,452.36,388.7,534.91,543.58,82.54999999999995,154.88000000000005,xml_geometry_csv_action
BootPass_49,81,20,20,Position_Unknown,Team_Unknown,Action_FakeHandoff,315.4,373.83,423.79,514.47,108.39000000000004,140.64000000000004,xml_geometry_csv_action
BootPass_49,81,21,21,Position_Unknown,Team_Unknown,Action_PreSnap,567.78,315.55,624.14,376.75,56.360000000000014,61.19999999999999,xml_geometry_csv_action
BootPass_49,81,3,3,Position_Unknown,Team_Unknown,Action_PreSnap,1756.52,500.78,1828.83,655.36,72.30999999999995,154.58000000000004,xml_geometry_csv_action
BootPass_49,81,4,4,Position_Unknown,Team_Unknown,Action_PreSnap,612.94,266.61,683.16,379.33,70.21999999999991,112.71999999999997,xml_geometry_csv_action
BootPass_49,81,5,5,Position_Unknown,Team_Unknown,Action_PreSnap,620.88,460.78,716.11,626.33,95.23000000000002,165.55000000000007,xml_geometry_csv_action
BootPass_49,81,6,6,Position_Unknown,Team_Unknown,Action_PreSnap,827.58,519.62,913.61,691.0,86.02999999999997,171.38,xml_geometry_csv_action
BootPass_49,81,7,7,Position_Unknown,Team_Unknown,Action_PreSnap,843.26,269.04,931.73,385.58,88.47000000000003,116.53999999999996,xml_geometry_csv_action
BootPass_49,81,8,8,Position_Unknown,Team_Unknown,Action_PreSnap,523.71,474.79,637.19,641.03,113.48000000000002,166.23999999999995,xml_geometry_csv_action
BootPass_49,81,9,9,Position_Unknown,Team_Unknown,Action_PreSnap,989.69,321.25,1073.17,465.93,83.48000000000002,144.68,xml_geometry_csv_action
BootPass_49,82,0,0,Position_Unknown,Team_Unknown,Action_PreSnap,604.97,348.19,675.21,429.14,70.24000000000001,80.94999999999999,xml_geometry_csv_action
BootPass_49,82,1,1,Position_Unknown,Team_Unknown,Action_PreSnap,1023.34,585.48,1123.89,742.57,100.55000000000007,157.09000000000003,xml_geometry_csv_action
BootPass_49,82,10,10,Position_Unknown,Team_Unknown,Action_PreSnap,1622.84,265.53,1685.89,412.62,63.05000000000018,147.09000000000003,xml_geometry_csv_action
BootPass_49,82,11,11,Position_Unknown,Team_Unknown,Action_PreSnap,994.59,424.13,1066.04,591.54,71.44999999999993,167.40999999999997,xml_geometry_csv_action
BootPass_49,82,12,12,Position_Unknown,Team_Unknown,Action_PreSnap,233.51,359.13,310.91,517.39,77.40000000000003,158.26,xml_geometry_csv_action
BootPass_49,82,13,13,Position_Unknown,Team_Unknown,Action_PreSnap,1049.82,146.44,1140.1,282.91,90.27999999999997,136.47000000000003,xml_geometry_csv_action
BootPass_49,82,14,14,Position_Unknown,Team_Unknown,Action_PreSnap,1559.09,659.6,1675.81,831.51,116.72000000000003,171.90999999999997,xml_geometry_csv_action
BootPass_49,82,15,15,Position_Unknown,Team_Unknown,Action_PreSnap,581.96,372.64,642.38,473.44,60.41999999999996,100.80000000000001,xml_geometry_csv_action
BootPass_49,82,16,16,Position_Unknown,Team_Unknown,Action_PreSnap,612.37,400.07,678.73,482.06,66.36000000000001,81.99000000000001,xml_geometry_csv_action
BootPass_49,82,17,17,Position_Unknown,Team_Unknown,Action_PreSnap,679.6,393.51,769.82,551.93,90.22000000000003,158.41999999999996,xml_geometry_csv_action
BootPass_49,82,18,18,Position_Unknown,Team_Unknown,Action_PreSnap,517.24,355.34,610.55,503.94,93.30999999999995,148.60000000000002,xml_geometry_csv_action
BootPass_49,82,19,19,Position_Unknown,Team_Unknown,Action_PreSnap,566.65,258.71,625.94,344.94,59.29000000000008,86.23000000000002,xml_geometry_csv_action
BootPass_49,82,2,2,Position_Unknown,Team_Unknown,Action_PreSnap,446.24,388.5,532.93,543.85,86.68999999999994,155.35000000000002,xml_geometry_csv_action
BootPass_49,82,20,20,Position_Unknown,Team_Unknown,Action_FakeHandoff,308.56,373.72,403.75,513.32,95.19,139.60000000000002,xml_geometry_csv_action
BootPass_49,82,21,21,Position_Unknown,Team_Unknown,Action_PreSnap,564.64,312.67,624.23,376.99,59.59000000000003,64.32,xml_geometry_csv_action
BootPass_49,82,3,3,Position_Unknown,Team_Unknown,Action_PreSnap,1764.7,500.36,1834.31,652.72,69.6099999999999,152.36,xml_geometry_csv_action
BootPass_49,82,4,4,Position_Unknown,Team_Unknown,Action_PreSnap,611.45,263.3,679.69,390.2,68.24000000000001,126.89999999999998,xml_geometry_csv_action
BootPass_49,82,5,5,Position_Unknown,Team_Unknown,Action_PreSnap,617.45,459.61,717.91,627.09,100.45999999999992,167.48000000000002,xml_geometry_csv_action
BootPass_49,82,6,6,Position_Unknown,Team_Unknown,Action_PreSnap,824.57,518.85,913.01,691.29,88.43999999999994,172.43999999999994,xml_geometry_csv_action
BootPass_49,82,7,7,Position_Unknown,Team_Unknown,Action_PreSnap,851.17,269.82,948.22,383.84,97.05000000000007,114.01999999999998,xml_geometry_csv_action
BootPass_49,82,8,8,Position_Unknown,Team_Unknown,Action_PreSnap,518.68,472.28,631.42,642.49,112.74000000000001,170.21000000000004,xml_geometry_csv_action
BootPass_49,82,9,9,Position_Unknown,Team_Unknown,Action_PreSnap,985.26,317.64,1069.62,463.87,84.3599999999999,146.23000000000002,xml_geometry_csv_action
BootPass_49,83,0,0,Position_Unknown,Team_Unknown,Action_PreSnap,601.41,346.29,665.23,416.25,63.82000000000005,69.95999999999998,xml_geometry_csv_action
BootPass_49,83,1,1,Position_Unknown,Team_Unknown,Action_PreSnap,1048.86,582.87,1142.06,741.33,93.20000000000005,158.46000000000004,xml_geometry_csv_action
BootPass_49,83,10,10,Position_Unknown,Team_Unknown,Action_PreSnap,1624.81,267.1,1688.99,412.21,64.18000000000006,145.10999999999996,xml_geometry_csv_action
BootPass_49,83,11,11,Position_Unknown,Team_Unknown,Action_PreSnap,992.97,420.09,1062.36,584.65,69.38999999999987,164.56,xml_geometry_csv_action
BootPass_49,83,12,12,Position_Unknown,Team_Unknown,Action_PreSnap,236.6,356.21,313.57,512.62,76.97,156.41000000000003,xml_geometry_csv_action
BootPass_49,83,13,13,Position_Unknown,Team_Unknown,Action_PreSnap,1048.24,144.1,1135.02,281.04,86.77999999999997,136.94000000000003,xml_geometry_csv_action
BootPass_49,83,14,14,Position_Unknown,Team_Unknown,Action_PreSnap,1576.84,660.38,1683.45,833.38,106.61000000000013,173.0,xml_geometry_csv_action
BootPass_49,83,15,15,Position_Unknown,Team_Unknown,Action_PreSnap,583.5,367.03,641.06,477.03,57.559999999999945,110.0,xml_geometry_csv_action
BootPass_49,83,16,16,Position_Unknown,Team_Unknown,Action_PreSnap,617.35,395.66,687.33,484.88,69.98000000000002,89.21999999999997,xml_geometry_csv_action
BootPass_49,83,17,17,Position_Unknown,Team_Unknown,Action_PreSnap,681.3,391.46,773.67,550.65,92.37,159.19,xml_geometry_csv_action
BootPass_49,83,18,18,Position_Unknown,Team_Unknown,Action_PreSnap,514.47,357.51,606.39,503.08,91.91999999999996,145.57,xml_geometry_csv_action
BootPass_49,83,19,19,Position_Unknown,Team_Unknown,Action_PreSnap,563.85,256.08,624.44,344.43,60.59000000000003,88.35000000000002,xml_geometry_csv_action
BootPass_49,83,2,2,Position_Unknown,Team_Unknown,Action_PreSnap,442.68,388.34,531.76,543.33,89.07999999999998,154.99000000000007,xml_geometry_csv_action
BootPass_49,83,20,20,Position_Unknown,Team_Unknown,Action_FakeHandoff,299.8,372.68,392.78,511.17,92.97999999999996,138.49,xml_geometry_csv_action
BootPass_49,83,21,21,Position_Unknown,Team_Unknown,Action_PreSnap,561.02,309.04,622.65,378.43,61.629999999999995,69.38999999999999,xml_geometry_csv_action
BootPass_49,83,3,3,Position_Unknown,Team_Unknown,Action_PreSnap,1772.42,500.11,1840.59,652.69,68.16999999999985,152.58000000000004,xml_geometry_csv_action
BootPass_49,83,4,4,Position_Unknown,Team_Unknown,Action_PreSnap,609.56,259.36,678.59,393.22,69.03000000000009,133.86,xml_geometry_csv_action
BootPass_49,83,5,5,Position_Unknown,Team_Unknown,Action_PreSnap,617.7,459.17,720.1,627.71,102.39999999999998,168.54000000000002,xml_geometry_csv_action
BootPass_49,83,6,6,Position_Unknown,Team_Unknown,Action_PreSnap,821.61,517.51,911.51,690.88,89.89999999999998,173.37,xml_geometry_csv_action
BootPass_49,83,7,7,Position_Unknown,Team_Unknown,Action_PreSnap,863.04,271.8,962.97,382.43,99.93000000000006,110.63,xml_geometry_csv_action
BootPass_49,83,8,8,Position_Unknown,Team_Unknown,Action_PreSnap,515.71,472.11,630.0,643.64,114.28999999999996,171.52999999999997,xml_geometry_csv_action
BootPass_49,83,9,9,Position_Unknown,Team_Unknown,Action_PreSnap,981.52,313.36,1062.45,460.99,80.93000000000006,147.63,xml_geometry_csv_action
BootPass_49,84,0,0,Position_Unknown,Team_Unknown,Action_PreSnap,600.15,345.44,658.55,416.11,58.39999999999998,70.67000000000002,xml_geometry_csv_action
BootPass_49,84,1,1,Position_Unknown,Team_Unknown,Action_PreSnap,1059.52,580.12,1159.2,740.02,99.68000000000006,159.89999999999998,xml_geometry_csv_action
BootPass_49,84,10,10,Position_Unknown,Team_Unknown,Action_PreSnap,1627.12,267.93,1691.76,411.54,64.6400000000001,143.61,xml_geometry_csv_action
BootPass_49,84,11,11,Position_Unknown,Team_Unknown,Action_PreSnap,991.42,417.14,1058.84,578.56,67.41999999999996,161.41999999999996,xml_geometry_csv_action
BootPass_49,84,12,12,Position_Unknown,Team_Unknown,Action_PreSnap,238.38,354.99,315.0,510.11,76.62,155.12,xml_geometry_csv_action
BootPass_49,84,13,13,Position_Unknown,Team_Unknown,Action_PreSnap,1046.3,141.86,1128.95,279.3,82.65000000000009,137.44,xml_geometry_csv_action
BootPass_49,84,14,14,Position_Unknown,Team_Unknown,Action_PreSnap,1600.29,662.5,1690.51,835.11,90.22000000000003,172.61,xml_geometry_csv_action
BootPass_49,84,15,15,Position_Unknown,Team_Unknown,Action_PreSnap,579.87,364.36,638.78,482.79,58.90999999999997,118.43,xml_geometry_csv_action
BootPass_49,84,16,16,Position_Unknown,Team_Unknown,Action_PreSnap,622.6,391.06,694.75,489.25,72.14999999999998,98.19,xml_geometry_csv_action
BootPass_49,84,17,17,Position_Unknown,Team_Unknown,Action_PreSnap,687.22,387.4,776.27,547.87,89.04999999999995,160.47000000000003,xml_geometry_csv_action
BootPass_49,84,18,18,Position_Unknown,Team_Unknown,Action_PreSnap,515.35,358.69,603.08,495.48,87.73000000000002,136.79000000000002,xml_geometry_csv_action
BootPass_49,84,19,19,Position_Unknown,Team_Unknown,Action_PreSnap,554.32,253.7,624.06,357.96,69.7399999999999,104.25999999999999,xml_geometry_csv_action
BootPass_49,84,2,2,Position_Unknown,Team_Unknown,Action_PreSnap,441.49,389.22,530.84,544.88,89.35000000000002,155.65999999999997,xml_geometry_csv_action
BootPass_49,84,20,20,Position_Unknown,Team_Unknown,Action_FakeHandoff,289.26,372.76,384.02,511.23,94.75999999999999,138.47000000000003,xml_geometry_csv_action
BootPass_49,84,21,21,Position_Unknown,Team_Unknown,Action_PreSnap,555.82,306.56,621.07,381.13,65.25,74.57,xml_geometry_csv_action
BootPass_49,84,3,3,Position_Unknown,Team_Unknown,Action_PreSnap,1779.64,500.01,1845.24,652.89,65.59999999999991,152.88,xml_geometry_csv_action
BootPass_49,84,4,4,Position_Unknown,Team_Unknown,Action_PreSnap,608.21,254.84,677.09,389.65,68.88,134.80999999999997,xml_geometry_csv_action
BootPass_49,84,5,5,Position_Unknown,Team_Unknown,Action_PreSnap,615.81,463.49,722.86,628.82,107.05000000000007,165.33000000000004,xml_geometry_csv_action
BootPass_49,84,6,6,Position_Unknown,Team_Unknown,Action_PreSnap,818.12,515.88,910.24,689.85,92.12,173.97000000000003,xml_geometry_csv_action
BootPass_49,84,7,7,Position_Unknown,Team_Unknown,Action_PreSnap,880.7,276.7,974.3,382.68,93.59999999999991,105.98000000000002,xml_geometry_csv_action
BootPass_49,84,8,8,Position_Unknown,Team_Unknown,Action_PreSnap,513.56,474.44,630.36,644.28,116.80000000000007,169.83999999999997,xml_geometry_csv_action
BootPass_49,84,9,9,Position_Unknown,Team_Unknown,Action_PreSnap,976.64,310.74,1054.13,456.2,77.49000000000012,145.45999999999998,xml_geometry_csv_action
BootPass_49,85,0,0,Position_Unknown,Team_Unknown,Action_PreSnap,596.47,341.22,656.56,416.2,60.08999999999992,74.97999999999996,xml_geometry_csv_action
BootPass_49,85,1,1,Position_Unknown,Team_Unknown,Action_PreSnap,1066.43,577.49,1175.33,738.66,108.89999999999986,161.16999999999996,xml_geometry_csv_action
BootPass_49,85,10,10,Position_Unknown,Team_Unknown,Action_PreSnap,1627.73,268.43,1692.47,409.49,64.74000000000001,141.06,xml_geometry_csv_action
BootPass_49,85,11,11,Position_Unknown,Team_Unknown,Action_PreSnap,989.01,414.55,1055.68,576.71,66.67000000000007,162.16000000000003,xml_geometry_csv_action
BootPass_49,85,12,12,Position_Unknown,Team_Unknown,Action_PreSnap,244.81,356.17,319.08,507.21,74.26999999999998,151.03999999999996,xml_geometry_csv_action
BootPass_49,85,13,13,Position_Unknown,Team_Unknown,Action_PreSnap,1043.77,141.05,1121.14,278.46,77.37000000000012,137.40999999999997,xml_geometry_csv_action
BootPass_49,85,14,14,Position_Unknown,Team_Unknown,Action_PreSnap,1613.42,663.89,1696.53,835.79,83.1099999999999,171.89999999999998,xml_geometry_csv_action
BootPass_49,85,15,15,Position_Unknown,Team_Unknown,Action_PreSnap,575.15,362.98,637.88,489.68,62.73000000000002,126.69999999999999,xml_geometry_csv_action
BootPass_49,85,16,16,Position_Unknown,Team_Unknown,Action_PreSnap,627.75,387.79,702.39,491.93,74.63999999999999,104.13999999999999,xml_geometry_csv_action
BootPass_49,85,17,17,Position_Unknown,Team_Unknown,Action_PreSnap,692.26,383.97,776.63,542.11,84.37,158.14,xml_geometry_csv_action
BootPass_49,85,18,18,Position_Unknown,Team_Unknown,Action_PreSnap,517.8,360.62,600.15,490.9,82.35000000000002,130.27999999999997,xml_geometry_csv_action
BootPass_49,85,19,19,Position_Unknown,Team_Unknown,Action_PreSnap,546.04,252.35,622.92,367.6,76.88,115.25000000000003,xml_geometry_csv_action
BootPass_49,85,2,2,Position_Unknown,Team_Unknown,Action_PreSnap,442.21,391.41,529.22,545.35,87.01000000000005,153.94,xml_geometry_csv_action
BootPass_49,85,20,20,Position_Unknown,Team_Unknown,Action_FakeHandoff,278.9,372.6,377.34,511.79,98.44,139.19,xml_geometry_csv_action
BootPass_49,85,21,21,Position_Unknown,Team_Unknown,Action_PreSnap,553.76,306.77,619.43,383.81,65.66999999999996,77.04000000000002,xml_geometry_csv_action
BootPass_49,85,3,3,Position_Unknown,Team_Unknown,Action_PreSnap,1784.93,500.15,1848.15,652.62,63.22000000000003,152.47000000000003,xml_geometry_csv_action
BootPass_49,85,4,4,Position_Unknown,Team_Unknown,Action_PreSnap,607.64,250.36,677.28,384.62,69.63999999999999,134.26,xml_geometry_csv_action
BootPass_49,85,5,5,Position_Unknown,Team_Unknown,Action_PreSnap,615.4,466.41,723.46,630.08,108.06000000000006,163.67000000000002,xml_geometry_csv_action
BootPass_49,85,6,6,Position_Unknown,Team_Unknown,Action_PreSnap,814.64,514.23,906.8,687.2,92.15999999999997,172.97000000000003,xml_geometry_csv_action
BootPass_49,85,7,7,Position_Unknown,Team_Unknown,Action_PreSnap,906.1,281.38,983.92,389.91,77.81999999999994,108.53000000000003,xml_geometry_csv_action
BootPass_49,85,8,8,Position_Unknown,Team_Unknown,Action_PreSnap,513.72,475.44,632.97,644.74,119.25,169.3,xml_geometry_csv_action
BootPass_49,85,9,9,Position_Unknown,Team_Unknown,Action_PreSnap,971.16,310.23,1040.78,450.65,69.62,140.41999999999996,xml_geometry_csv_action
BootPass_49,86,0,0,Position_Unknown,Team_Unknown,Action_PreSnap,589.78,338.52,656.76,418.46,66.98000000000002,79.94,xml_geometry_csv_action
BootPass_49,86,1,1,Position_Unknown,Team_Unknown,Action_PreSnap,1070.06,573.76,1191.72,734.7,121.66000000000008,160.94000000000005,xml_geometry_csv_action
BootPass_49,86,10,10,Position_Unknown,Team_Unknown,Action_PreSnap,1628.55,267.94,1694.27,403.22,65.72000000000003,135.28000000000003,xml_geometry_csv_action
BootPass_49,86,11,11,Position_Unknown,Team_Unknown,Action_PreSnap,985.03,410.43,1051.6,572.22,66.56999999999994,161.79000000000002,xml_geometry_csv_action
BootPass_49,86,12,12,Position_Unknown,Team_Unknown,Action_PreSnap,257.72,351.44,328.93,493.88,71.20999999999998,142.44,xml_geometry_csv_action
BootPass_49,86,13,13,Position_Unknown,Team_Unknown,Action_PreSnap,1040.11,140.12,1111.69,277.62,71.58000000000015,137.5,xml_geometry_csv_action
BootPass_49,86,14,14,Position_Unknown,Team_Unknown,Action_PreSnap,1619.32,662.73,1700.74,834.63,81.42000000000007,171.89999999999998,xml_geometry_csv_action
BootPass_49,86,15,15,Position_Unknown,Team_Unknown,Action_PreSnap,573.26,361.93,638.48,495.51,65.22000000000003,133.57999999999998,xml_geometry_csv_action
BootPass_49,86,16,16,Position_Unknown,Team_Unknown,Action_PreSnap,630.84,384.09,707.16,495.57,76.31999999999994,111.48000000000002,xml_geometry_csv_action
BootPass_49,86,17,17,Position_Unknown,Team_Unknown,Action_PreSnap,696.6,380.02,779.3,536.69,82.69999999999993,156.67000000000007,xml_geometry_csv_action
BootPass_49,86,18,18,Position_Unknown,Team_Unknown,Action_PreSnap,515.41,359.16,595.95,491.25,80.54000000000008,132.08999999999997,xml_geometry_csv_action
BootPass_49,86,19,19,Position_Unknown,Team_Unknown,Action_PreSnap,539.83,250.25,620.27,370.48,80.43999999999994,120.23000000000002,xml_geometry_csv_action
BootPass_49,86,2,2,Position_Unknown,Team_Unknown,Action_PreSnap,441.69,392.75,525.52,547.3,83.82999999999998,154.54999999999995,xml_geometry_csv_action
BootPass_49,86,20,20,Position_Unknown,Team_Unknown,Action_FakeHandoff,264.95,372.38,366.96,512.43,102.00999999999999,140.04999999999995,xml_geometry_csv_action
BootPass_49,86,21,21,Position_Unknown,Team_Unknown,Action_PreSnap,553.65,306.23,623.75,381.65,70.10000000000002,75.41999999999996,xml_geometry_csv_action
BootPass_49,86,3,3,Position_Unknown,Team_Unknown,Action_PreSnap,1789.0,499.29,1851.29,651.45,62.289999999999964,152.16000000000003,xml_geometry_csv_action
BootPass_49,86,4,4,Position_Unknown,Team_Unknown,Action_PreSnap,604.13,243.76,676.26,379.74,72.13,135.98000000000002,xml_geometry_csv_action
BootPass_49,86,5,5,Position_Unknown,Team_Unknown,Action_PreSnap,614.47,468.54,723.87,630.2,109.39999999999998,161.66000000000003,xml_geometry_csv_action
BootPass_49,86,6,6,Position_Unknown,Team_Unknown,Action_PreSnap,812.54,511.52,903.69,683.24,91.15000000000009,171.72000000000003,xml_geometry_csv_action
BootPass_49,86,7,7,Position_Unknown,Team_Unknown,Action_PreSnap,922.89,285.64,994.52,395.84,71.63,110.19999999999999,xml_geometry_csv_action
BootPass_49,86,8,8,Position_Unknown,Team_Unknown,Action_PreSnap,513.79,476.2,634.61,644.46,120.82000000000005,168.26000000000005,xml_geometry_csv_action
BootPass_49,86,9,9,Position_Unknown,Team_Unknown,Action_PreSnap,968.69,311.16,1032.18,451.38,63.49000000000001,140.21999999999997,xml_geometry_csv_action
BootPass_49,87,0,0,Position_Unknown,Team_Unknown,Action_PreSnap,585.82,339.45,658.03,432.4,72.20999999999992,92.94999999999999,xml_geometry_csv_action
BootPass_49,87,1,1,Position_Unknown,Team_Unknown,Action_PreSnap,1076.07,571.17,1208.56,729.11,132.49,157.94000000000005,xml_geometry_csv_action
BootPass_49,87,10,10,Position_Unknown,Team_Unknown,Action_PreSnap,1629.21,266.75,1694.97,396.39,65.75999999999999,129.64,xml_geometry_csv_action
BootPass_49,87,11,11,Position_Unknown,Team_Unknown,Action_PreSnap,981.0,407.57,1048.18,567.7,67.18000000000006,160.13000000000005,xml_geometry_csv_action
BootPass_49,87,12,12,Position_Unknown,Team_Unknown,Action_PreSnap,275.01,347.78,338.37,477.18,63.360000000000014,129.40000000000003,xml_geometry_csv_action
BootPass_49,87,13,13,Position_Unknown,Team_Unknown,Action_PreSnap,1036.35,139.81,1102.59,276.89,66.24000000000001,137.07999999999998,xml_geometry_csv_action
BootPass_49,87,14,14,Position_Unknown,Team_Unknown,Action_PreSnap,1623.19,660.84,1705.7,831.12,82.50999999999999,170.27999999999997,xml_geometry_csv_action
BootPass_49,87,15,15,Position_Unknown,Team_Unknown,Action_PreSnap,570.11,361.84,639.52,499.98,69.40999999999997,138.14000000000004,xml_geometry_csv_action
BootPass_49,87,16,16,Position_Unknown,Team_Unknown,Action_PreSnap,638.44,380.9,712.53,502.04,74.08999999999992,121.14000000000004,xml_geometry_csv_action
BootPass_49,87,17,17,Position_Unknown,Team_Unknown,Action_PreSnap,699.63,376.81,782.13,531.33,82.5,154.52000000000004,xml_geometry_csv_action
BootPass_49,87,18,18,Position_Unknown,Team_Unknown,Action_PreSnap,514.2,357.6,590.68,489.87,76.4799999999999,132.26999999999998,xml_geometry_csv_action
BootPass_49,87,19,19,Position_Unknown,Team_Unknown,Action_PreSnap,539.1,245.67,618.78,353.17,79.67999999999995,107.50000000000003,xml_geometry_csv_action
BootPass_49,87,2,2,Position_Unknown,Team_Unknown,Action_PreSnap,440.09,395.06,523.89,551.02,83.80000000000001,155.95999999999998,xml_geometry_csv_action
BootPass_49,87,20,20,Position_Unknown,Team_Unknown,Action_FakeHandoff,253.03,372.87,352.79,510.78,99.76000000000002,137.90999999999997,xml_geometry_csv_action
BootPass_49,87,21,21,Position_Unknown,Team_Unknown,Action_PreSnap,553.11,305.94,624.41,377.0,71.29999999999995,71.06,xml_geometry_csv_action
BootPass_49,87,3,3,Position_Unknown,Team_Unknown,Action_PreSnap,1792.94,497.99,1855.66,651.0,62.72000000000003,153.01,xml_geometry_csv_action
BootPass_49,87,4,4,Position_Unknown,Team_Unknown,Action_PreSnap,601.94,237.66,674.66,374.89,72.71999999999991,137.23,xml_geometry_csv_action
BootPass_49,87,5,5,Position_Unknown,Team_Unknown,Action_PreSnap,613.93,470.25,724.23,629.28,110.30000000000007,159.02999999999997,xml_geometry_csv_action
BootPass_49,87,6,6,Position_Unknown,Team_Unknown,Action_PreSnap,809.51,509.17,899.47,679.74,89.96000000000004,170.57,xml_geometry_csv_action
BootPass_49,87,7,7,Position_Unknown,Team_Unknown,Action_PreSnap,935.54,288.43,1009.57,400.84,74.03000000000009,112.40999999999997,xml_geometry_csv_action
BootPass_49,87,8,8,Position_Unknown,Team_Unknown,Action_PreSnap,514.06,475.68,635.41,644.28,121.35000000000002,168.59999999999997,xml_geometry_csv_action
BootPass_49,87,9,9,Position_Unknown,Team_Unknown,Action_PreSnap,965.81,314.1,1026.01,449.45,60.200000000000045,135.34999999999997,xml_geometry_csv_action
BootPass_49,88,0,0,Position_Unknown,Team_Unknown,Action_PreSnap,588.76,343.93,659.09,441.85,70.33000000000004,97.92000000000002,xml_geometry_csv_action
BootPass_49,88,1,1,Position_Unknown,Team_Unknown,Action_PreSnap,1107.51,569.65,1225.27,720.72,117.75999999999999,151.07000000000005,xml_geometry_csv_action
BootPass_49,88,10,10,Position_Unknown,Team_Unknown,Action_PreSnap,1631.74,265.66,1695.33,389.4,63.58999999999992,123.73999999999995,xml_geometry_csv_action
BootPass_49,88,11,11,Position_Unknown,Team_Unknown,Action_PreSnap,980.88,406.61,1045.73,561.94,64.85000000000002,155.33000000000004,xml_geometry_csv_action
BootPass_49,88,12,12,Position_Unknown,Team_Unknown,Action_PreSnap,278.33,343.98,342.7,481.96,64.37,137.97999999999996,xml_geometry_csv_action
BootPass_49,88,13,13,Position_Unknown,Team_Unknown,Action_PreSnap,1033.68,140.48,1097.35,276.32,63.669999999999845,135.84,xml_geometry_csv_action
BootPass_49,88,14,14,Position_Unknown,Team_Unknown,Action_PreSnap,1627.83,658.27,1711.79,827.74,83.96000000000004,169.47000000000003,xml_geometry_csv_action
BootPass_49,88,15,15,Position_Unknown,Team_Unknown,Action_PreSnap,569.77,359.09,639.01,501.55,69.24000000000001,142.46000000000004,xml_geometry_csv_action
BootPass_49,88,16,16,Position_Unknown,Team_Unknown,Action_PreSnap,645.67,377.64,717.76,508.43,72.09000000000003,130.79000000000002,xml_geometry_csv_action
BootPass_49,88,17,17,Position_Unknown,Team_Unknown,Action_PreSnap,704.24,374.24,782.31,527.6,78.06999999999994,153.36,xml_geometry_csv_action
BootPass_49,88,18,18,Position_Unknown,Team_Unknown,Action_PreSnap,508.91,360.66,588.02,487.86,79.10999999999996,127.19999999999999,xml_geometry_csv_action
BootPass_49,88,19,19,Position_Unknown,Team_Unknown,Action_PreSnap,534.01,242.13,616.75,361.79,82.74000000000001,119.66000000000003,xml_geometry_csv_action
BootPass_49,88,2,2,Position_Unknown,Team_Unknown,Action_PreSnap,436.77,398.77,522.67,556.67,85.89999999999998,157.89999999999998,xml_geometry_csv_action
BootPass_49,88,20,20,Position_Unknown,Team_Unknown,Action_None,241.81,375.17,330.01,511.94,88.19999999999999,136.76999999999998,xml_geometry_csv_action
BootPass_49,88,21,21,Position_Unknown,Team_Unknown,Action_PreSnap,551.68,300.38,624.19,378.96,72.5100000000001,78.57999999999998,xml_geometry_csv_action
BootPass_49,88,3,3,Position_Unknown,Team_Unknown,Action_PreSnap,1795.64,496.06,1861.07,649.76,65.42999999999984,153.7,xml_geometry_csv_action
BootPass_49,88,4,4,Position_Unknown,Team_Unknown,Action_PreSnap,602.08,232.53,675.05,370.93,72.96999999999991,138.4,xml_geometry_csv_action
BootPass_49,88,5,5,Position_Unknown,Team_Unknown,Action_PreSnap,614.35,469.05,724.99,624.47,110.63999999999999,155.42000000000002,xml_geometry_csv_action
BootPass_49,88,6,6,Position_Unknown,Team_Unknown,Action_PreSnap,806.75,506.87,892.69,676.79,85.94000000000005,169.91999999999996,xml_geometry_csv_action
BootPass_49,88,7,7,Position_Unknown,Team_Unknown,Action_PreSnap,950.35,290.84,1025.06,367.02,74.70999999999992,76.18,xml_geometry_csv_action
BootPass_49,88,8,8,Position_Unknown,Team_Unknown,Action_PreSnap,515.77,474.58,635.07,643.55,119.30000000000007,168.96999999999997,xml_geometry_csv_action
BootPass_49,88,9,9,Position_Unknown,Team_Unknown,Action_PreSnap,960.23,312.41,1022.09,446.3,61.860000000000014,133.89,xml_geometry_csv_action
BootPass_49,89,0,0,Position_Unknown,Team_Unknown,Action_PreSnap,589.1,345.4,659.59,454.35,70.49000000000001,108.95000000000005,xml_geometry_csv_action
BootPass_49,89,1,1,Position_Unknown,Team_Unknown,Action_PreSnap,1142.61,567.7,1241.71,717.94,99.10000000000014,150.24,xml_geometry_csv_action
BootPass_49,89,10,10,Position_Unknown,Team_Unknown,Action_PreSnap,1632.22,264.0,1695.66,387.55,63.440000000000055,123.55000000000001,xml_geometry_csv_action
BootPass_49,89,11,11,Position_Unknown,Team_Unknown,Action_PreSnap,979.34,406.49,1043.82,557.19,64.4799999999999,150.70000000000005,xml_geometry_csv_action
BootPass_49,89,12,12,Position_Unknown,Team_Unknown,Action_PreSnap,279.88,339.48,346.93,483.42,67.05000000000001,143.94,xml_geometry_csv_action
BootPass_49,89,13,13,Position_Unknown,Team_Unknown,Action_PreSnap,1029.63,141.7,1093.1,276.56,63.4699999999998,134.86,xml_geometry_csv_action
BootPass_49,89,14,14,Position_Unknown,Team_Unknown,Action_PreSnap,1635.83,655.2,1717.22,823.52,81.3900000000001,168.31999999999994,xml_geometry_csv_action
BootPass_49,89,15,15,Position_Unknown,Team_Unknown,Action_PreSnap,569.64,355.5,636.5,501.95,66.86000000000001,146.45,xml_geometry_csv_action
BootPass_49,89,16,16,Position_Unknown,Team_Unknown,Action_PreSnap,649.51,374.77,721.79,508.85,72.27999999999997,134.08000000000004,xml_geometry_csv_action
BootPass_49,89,17,17,Position_Unknown,Team_Unknown,Action_PreSnap,708.44,371.69,782.77,526.09,74.32999999999993,154.40000000000003,xml_geometry_csv_action
BootPass_49,89,18,18,Position_Unknown,Team_Unknown,Action_PreSnap,503.25,359.74,585.36,485.44,82.11000000000001,125.69999999999999,xml_geometry_csv_action
BootPass_49,89,19,19,Position_Unknown,Team_Unknown,Action_PreSnap,532.25,238.33,615.53,363.02,83.27999999999997,124.68999999999997,xml_geometry_csv_action
BootPass_49,89,2,2,Position_Unknown,Team_Unknown,Action_PreSnap,432.69,403.52,522.19,562.69,89.50000000000006,159.17000000000007,xml_geometry_csv_action
BootPass_49,89,20,20,Position_Unknown,Team_Unknown,Action_None,230.29,376.09,310.95,512.05,80.66,135.95999999999998,xml_geometry_csv_action
BootPass_49,89,21,21,Position_Unknown,Team_Unknown,Action_PreSnap,550.25,294.68,622.63,379.37,72.38,84.69,xml_geometry_csv_action
BootPass_49,89,3,3,Position_Unknown,Team_Unknown,Action_PreSnap,1797.25,494.66,1865.24,648.36,67.99000000000001,153.7,xml_geometry_csv_action
BootPass_49,89,4,4,Position_Unknown,Team_Unknown,Action_PreSnap,601.14,228.1,674.04,367.85,72.89999999999998,139.75000000000003,xml_geometry_csv_action
BootPass_49,89,5,5,Position_Unknown,Team_Unknown,Action_PreSnap,614.56,469.01,724.51,619.01,109.95000000000005,150.0,xml_geometry_csv_action
BootPass_49,89,6,6,Position_Unknown,Team_Unknown,Action_PreSnap,803.69,505.15,883.63,674.06,79.93999999999994,168.90999999999997,xml_geometry_csv_action
BootPass_49,89,7,7,Position_Unknown,Team_Unknown,Action_PreSnap,976.93,294.37,1042.68,394.15,65.75000000000011,99.77999999999997,xml_geometry_csv_action
BootPass_49,89,8,8,Position_Unknown,Team_Unknown,Action_PreSnap,517.63,474.34,632.96,642.58,115.33000000000004,168.24000000000007,xml_geometry_csv_action
BootPass_49,89,9,9,Position_Unknown,Team_Unknown,Action_PreSnap,953.06,307.5,1016.01,442.45,62.950000000000045,134.95,xml_geometry_csv_action
BootPass_49,90,0,0,Position_Unknown,Team_Unknown,Action_PreSnap,591.67,347.03,660.68,457.2,69.00999999999999,110.17000000000002,xml_geometry_csv_action
BootPass_49,90,1,1,Position_Unknown,Team_Unknown,Action_PreSnap,1162.73,566.31,1259.84,716.88,97.1099999999999,150.57000000000005,xml_geometry_csv_action
BootPass_49,90,10,10,Position_Unknown,Team_Unknown,Action_PreSnap,1629.15,261.81,1697.14,388.4,67.99000000000001,126.58999999999997,xml_geometry_csv_action
BootPass_49,90,11,11,Position_Unknown,Team_Unknown,Action_PreSnap,977.54,404.41,1043.04,554.38,65.5,149.96999999999997,xml_geometry_csv_action
BootPass_49,90,12,12,Position_Unknown,Team_Unknown,Action_PreSnap,282.71,333.61,351.14,483.33,68.43,149.71999999999997,xml_geometry_csv_action
BootPass_49,90,13,13,Position_Unknown,Team_Unknown,Action_PreSnap,1021.76,143.68,1090.27,276.42,68.50999999999999,132.74,xml_geometry_csv_action
BootPass_49,90,14,14,Position_Unknown,Team_Unknown,Action_PreSnap,1644.4,651.83,1724.09,820.94,79.68999999999983,169.11,xml_geometry_csv_action
BootPass_49,90,15,15,Position_Unknown,Team_Unknown,Action_PreSnap,570.62,351.44,632.61,499.49,61.99000000000001,148.05,xml_geometry_csv_action
BootPass_49,90,16,16,Position_Unknown,Team_Unknown,Action_PreSnap,652.52,371.22,725.41,509.02,72.88999999999999,137.79999999999995,xml_geometry_csv_action
BootPass_49,90,17,17,Position_Unknown,Team_Unknown,Action_PreSnap,711.77,367.9,783.82,524.13,72.05000000000007,156.23000000000002,xml_geometry_csv_action
BootPass_49,90,18,18,Position_Unknown,Team_Unknown,Action_PreSnap,498.03,360.96,582.55,483.09,84.51999999999998,122.13,xml_geometry_csv_action
BootPass_49,90,19,19,Position_Unknown,Team_Unknown,Action_PreSnap,530.81,234.87,614.54,364.15,83.73000000000002,129.27999999999997,xml_geometry_csv_action
BootPass_49,90,2,2,Position_Unknown,Team_Unknown,Action_PreSnap,428.03,408.3,520.96,568.43,92.93000000000006,160.12999999999994,xml_geometry_csv_action
BootPass_49,90,20,20,Position_Unknown,Team_Unknown,Action_BootAway,217.84,378.66,289.54,511.1,71.70000000000002,132.44,xml_geometry_csv_action
BootPass_49,90,21,21,Position_Unknown,Team_Unknown,Action_PreSnap,547.68,289.57,616.07,379.5,68.3900000000001,89.93,xml_geometry_csv_action
BootPass_49,90,3,3,Position_Unknown,Team_Unknown,Action_PreSnap,1800.59,493.07,1868.87,646.72,68.27999999999997,153.65000000000003,xml_geometry_csv_action
BootPass_49,90,4,4,Position_Unknown,Team_Unknown,Action_PreSnap,600.12,224.2,674.07,365.06,73.95000000000005,140.86,xml_geometry_csv_action
BootPass_49,90,5,5,Position_Unknown,Team_Unknown,Action_PreSnap,614.88,469.76,724.17,615.9,109.28999999999996,146.14,xml_geometry_csv_action
BootPass_49,90,6,6,Position_Unknown,Team_Unknown,Action_PreSnap,800.41,504.64,876.23,671.61,75.82000000000005,166.97000000000003,xml_geometry_csv_action
BootPass_49,90,7,7,Position_Unknown,Team_Unknown,Action_PreSnap,989.42,297.06,1058.64,402.32,69.22000000000014,105.25999999999999,xml_geometry_csv_action
BootPass_49,90,8,8,Position_Unknown,Team_Unknown,Action_PreSnap,518.36,471.88,631.51,641.96,113.14999999999998,170.08000000000004,xml_geometry_csv_action
BootPass_49,90,9,9,Position_Unknown,Team_Unknown,Action_PreSnap,942.32,304.39,1010.59,439.17,68.26999999999998,134.78000000000003,xml_geometry_csv_action
BootPass_49,91,0,0,Position_Unknown,Team_Unknown,Action_PreSnap,593.68,345.85,662.04,462.07,68.36000000000001,116.21999999999997,xml_geometry_csv_action
BootPass_49,91,1,1,Position_Unknown,Team_Unknown,Action_PreSnap,1170.1,564.49,1278.07,715.08,107.97000000000003,150.59000000000003,xml_geometry_csv_action
BootPass_49,91,10,10,Position_Unknown,Team_Unknown,Action_PreSnap,1630.5,260.12,1699.89,389.38,69.3900000000001,129.26,xml_geometry_csv_action
BootPass_49,91,11,11,Position_Unknown,Team_Unknown,Action_PreSnap,974.51,402.1,1041.96,552.43,67.45000000000005,150.32999999999993,xml_geometry_csv_action
BootPass_49,91,12,12,Position_Unknown,Team_Unknown,Action_PreSnap,288.14,328.41,355.72,478.27,67.58000000000004,149.85999999999996,xml_geometry_csv_action
BootPass_49,91,13,13,Position_Unknown,Team_Unknown,Action_PreSnap,1017.0,146.1,1088.92,276.28,71.92000000000007,130.17999999999998,xml_geometry_csv_action
BootPass_49,91,14,14,Position_Unknown,Team_Unknown,Action_PreSnap,1660.74,649.77,1731.86,819.35,71.11999999999989,169.58000000000004,xml_geometry_csv_action
BootPass_49,91,15,15,Position_Unknown,Team_Unknown,Action_PreSnap,570.31,349.12,630.36,494.8,60.05000000000007,145.68,xml_geometry_csv_action
BootPass_49,91,16,16,Position_Unknown,Team_Unknown,Action_PreSnap,657.39,367.96,729.16,511.35,71.76999999999998,143.39000000000004,xml_geometry_csv_action
BootPass_49,91,17,17,Position_Unknown,Team_Unknown,Action_PreSnap,716.24,364.66,785.22,523.13,68.98000000000002,158.46999999999997,xml_geometry_csv_action
BootPass_49,91,18,18,Position_Unknown,Team_Unknown,Action_PreSnap,497.52,369.0,577.81,482.61,80.28999999999996,113.61000000000001,xml_geometry_csv_action
BootPass_49,91,19,19,Position_Unknown,Team_Unknown,Action_PreSnap,533.57,230.85,613.76,359.81,80.18999999999994,128.96,xml_geometry_csv_action
BootPass_49,91,2,2,Position_Unknown,Team_Unknown,Action_PreSnap,423.63,411.73,520.84,572.1,97.21000000000004,160.37,xml_geometry_csv_action
BootPass_49,91,20,20,Position_Unknown,Team_Unknown,Action_BootAway,208.11,380.4,283.62,512.44,75.50999999999999,132.04000000000008,xml_geometry_csv_action
BootPass_49,91,21,21,Position_Unknown,Team_Unknown,Action_PreSnap,546.64,285.0,610.28,379.68,63.639999999999986,94.68,xml_geometry_csv_action
BootPass_49,91,3,3,Position_Unknown,Team_Unknown,Action_PreSnap,1806.39,491.61,1871.88,645.33,65.49000000000001,153.72000000000003,xml_geometry_csv_action
BootPass_49,91,4,4,Position_Unknown,Team_Unknown,Action_PreSnap,599.05,221.48,673.21,359.93,74.16000000000008,138.45000000000002,xml_geometry_csv_action
BootPass_49,91,5,5,Position_Unknown,Team_Unknown,Action_PreSnap,612.36,469.02,725.08,611.83,112.72000000000003,142.81000000000006,xml_geometry_csv_action
BootPass_49,91,6,6,Position_Unknown,Team_Unknown,Action_PreSnap,797.3,505.27,870.17,669.99,72.87,164.72000000000003,xml_geometry_csv_action
BootPass_49,91,7,7,Position_Unknown,Team_Unknown,Action_PreSnap,998.86,299.52,1067.86,404.59,68.99999999999989,105.07,xml_geometry_csv_action
BootPass_49,91,8,8,Position_Unknown,Team_Unknown,Action_PreSnap,519.21,469.48,626.64,640.87,107.42999999999995,171.39,xml_geometry_csv_action
BootPass_49,91,9,9,Position_Unknown,Team_Unknown,Action_PreSnap,933.84,301.74,1006.2,436.27,72.36000000000001,134.52999999999997,xml_geometry_csv_action
BootPass_49,92,0,0,Position_Unknown,Team_Unknown,Action_PreSnap,588.63,344.81,661.11,464.68,72.48000000000002,119.87,xml_geometry_csv_action
BootPass_49,92,1,1,Position_Unknown,Team_Unknown,Action_PreSnap,1174.36,562.02,1296.36,714.79,122.0,152.76999999999998,xml_geometry_csv_action
BootPass_49,92,10,10,Position_Unknown,Team_Unknown,Action_PreSnap,1636.15,258.79,1703.23,389.93,67.07999999999993,131.14,xml_geometry_csv_action
BootPass_49,92,11,11,Position_Unknown,Team_Unknown,Action_PreSnap,972.68,402.19,1041.46,551.38,68.78000000000009,149.19,xml_geometry_csv_action
BootPass_49,92,12,12,Position_Unknown,Team_Unknown,Action_PreSnap,293.53,323.95,359.93,470.68,66.40000000000003,146.73000000000002,xml_geometry_csv_action
BootPass_49,92,13,13,Position_Unknown,Team_Unknown,Action_PreSnap,1013.89,149.15,1089.02,276.51,75.13,127.35999999999999,xml_geometry_csv_action
BootPass_49,92,14,14,Position_Unknown,Team_Unknown,Action_PreSnap,1673.01,649.01,1739.97,819.26,66.96000000000004,170.25,xml_geometry_csv_action
BootPass_49,92,15,15,Position_Unknown,Team_Unknown,Action_PreSnap,568.08,346.84,628.38,488.43,60.299999999999955,141.59000000000003,xml_geometry_csv_action
BootPass_49,92,16,16,Position_Unknown,Team_Unknown,Action_PreSnap,660.44,366.3,732.17,512.86,71.7299999999999,146.56,xml_geometry_csv_action
BootPass_49,92,17,17,Position_Unknown,Team_Unknown,Action_PreSnap,720.92,361.15,786.92,521.6,66.0,160.45000000000005,xml_geometry_csv_action
BootPass_49,92,18,18,Position_Unknown,Team_Unknown,Action_PreSnap,494.5,375.03,573.14,482.16,78.63999999999999,107.13000000000005,xml_geometry_csv_action
BootPass_49,92,19,19,Position_Unknown,Team_Unknown,Action_PreSnap,539.61,228.25,610.73,322.0,71.12,93.75,xml_geometry_csv_action
BootPass_49,92,2,2,Position_Unknown,Team_Unknown,Action_PreSnap,418.79,414.03,520.48,576.76,101.69,162.73000000000002,xml_geometry_csv_action
BootPass_49,92,20,20,Position_Unknown,Team_Unknown,Action_BootAway,192.62,382.52,278.48,511.98,85.86000000000001,129.46000000000004,xml_geometry_csv_action
BootPass_49,92,21,21,Position_Unknown,Team_Unknown,Action_PreSnap,544.85,282.12,607.43,378.57,62.57999999999993,96.44999999999999,xml_geometry_csv_action
BootPass_49,92,3,3,Position_Unknown,Team_Unknown,Action_PreSnap,1810.96,490.33,1874.94,643.99,63.98000000000002,153.66000000000003,xml_geometry_csv_action
BootPass_49,92,4,4,Position_Unknown,Team_Unknown,Action_PreSnap,597.85,220.49,672.59,359.62,74.74000000000001,139.13,xml_geometry_csv_action
BootPass_49,92,5,5,Position_Unknown,Team_Unknown,Action_PreSnap,609.08,467.58,725.15,610.8,116.06999999999994,143.21999999999997,xml_geometry_csv_action
BootPass_49,92,6,6,Position_Unknown,Team_Unknown,Action_PreSnap,792.62,506.42,863.91,669.37,71.28999999999996,162.95,xml_geometry_csv_action
BootPass_49,92,7,7,Position_Unknown,Team_Unknown,Action_PreSnap,1014.18,302.58,1074.86,405.21,60.67999999999995,102.63,xml_geometry_csv_action
BootPass_49,92,8,8,Position_Unknown,Team_Unknown,Action_PreSnap,520.03,468.37,623.14,639.29,103.11000000000001,170.91999999999996,xml_geometry_csv_action
BootPass_49,92,9,9,Position_Unknown,Team_Unknown,Action_PreSnap,926.94,300.67,1002.45,436.86,75.50999999999999,136.19,xml_geometry_csv_action
BootPass_49,93,0,0,Position_Unknown,Team_Unknown,Action_PreSnap,588.16,343.93,659.87,466.47,71.71000000000004,122.54000000000002,xml_geometry_csv_action
BootPass_49,93,1,1,Position_Unknown,Team_Unknown,Action_PreSnap,1185.48,560.02,1313.41,711.64,127.93000000000006,151.62,xml_geometry_csv_action
BootPass_49,93,10,10,Position_Unknown,Team_Unknown,Action_PreSnap,1643.79,258.33,1707.55,390.07,63.75999999999999,131.74,xml_geometry_csv_action
BootPass_49,93,11,11,Position_Unknown,Team_Unknown,Action_PreSnap,969.47,401.9,1037.96,550.99,68.49000000000001,149.09000000000003,xml_geometry_csv_action
BootPass_49,93,12,12,Position_Unknown,Team_Unknown,Action_PreSnap,301.55,319.0,364.44,465.96,62.889999999999986,146.95999999999998,xml_geometry_csv_action
BootPass_49,93,13,13,Position_Unknown,Team_Unknown,Action_PreSnap,1011.35,151.89,1087.6,276.19,76.24999999999989,124.30000000000001,xml_geometry_csv_action
BootPass_49,93,14,14,Position_Unknown,Team_Unknown,Action_PreSnap,1678.38,648.66,1747.93,819.01,69.54999999999995,170.35000000000002,xml_geometry_csv_action
BootPass_49,93,15,15,Position_Unknown,Team_Unknown,Action_PreSnap,567.46,345.09,626.92,487.02,59.45999999999992,141.93,xml_geometry_csv_action
BootPass_49,93,16,16,Position_Unknown,Team_Unknown,Action_PreSnap,663.88,364.58,734.63,513.78,70.75,149.2,xml_geometry_csv_action
BootPass_49,93,17,17,Position_Unknown,Team_Unknown,Action_PreSnap,724.65,357.73,789.59,516.13,64.94000000000005,158.39999999999998,xml_geometry_csv_action
BootPass_49,93,18,18,Position_Unknown,Team_Unknown,Action_PreSnap,489.65,372.06,572.0,483.06,82.35000000000002,111.0,xml_geometry_csv_action
BootPass_49,93,19,19,Position_Unknown,Team_Unknown,Action_PreSnap,543.64,225.53,608.35,302.38,64.71000000000004,76.85,xml_geometry_csv_action
BootPass_49,93,2,2,Position_Unknown,Team_Unknown,Action_PreSnap,416.08,417.56,519.57,576.68,103.49000000000007,159.11999999999995,xml_geometry_csv_action
BootPass_49,93,20,20,Position_Unknown,Team_Unknown,Action_BootAway,174.69,383.75,270.67,514.24,95.98000000000002,130.49,xml_geometry_csv_action
BootPass_49,93,21,21,Position_Unknown,Team_Unknown,Action_PreSnap,542.77,279.19,604.66,374.77,61.889999999999986,95.57999999999998,xml_geometry_csv_action
BootPass_49,93,3,3,Position_Unknown,Team_Unknown,Action_PreSnap,1816.05,489.05,1878.6,638.58,62.549999999999955,149.53000000000003,xml_geometry_csv_action
BootPass_49,93,4,4,Position_Unknown,Team_Unknown,Action_PreSnap,596.47,219.74,671.55,358.39,75.07999999999993,138.64999999999998,xml_geometry_csv_action
BootPass_49,93,5,5,Position_Unknown,Team_Unknown,Action_PreSnap,605.96,466.06,724.9,609.48,118.93999999999994,143.42000000000002,xml_geometry_csv_action
BootPass_49,93,6,6,Position_Unknown,Team_Unknown,Action_PreSnap,787.73,507.65,859.13,669.33,71.39999999999998,161.68000000000006,xml_geometry_csv_action
BootPass_49,93,7,7,Position_Unknown,Team_Unknown,Action_PreSnap,1027.68,304.57,1085.09,411.06,57.409999999999854,106.49000000000001,xml_geometry_csv_action
BootPass_49,93,8,8,Position_Unknown,Team_Unknown,Action_PreSnap,519.34,466.82,620.53,636.57,101.18999999999994,169.75000000000006,xml_geometry_csv_action
BootPass_49,93,9,9,Position_Unknown,Team_Unknown,Action_PreSnap,921.4,300.13,997.27,436.96,75.87,136.82999999999998,xml_geometry_csv_action
BootPass_49,94,0,0,Position_Unknown,Team_Unknown,Action_PreSnap,585.99,342.78,657.46,465.02,71.47000000000003,122.24000000000001,xml_geometry_csv_action
BootPass_49,94,1,1,Position_Unknown,Team_Unknown,Action_PreSnap,1203.89,557.8,1332.52,707.31,128.62999999999988,149.51,xml_geometry_csv_action
BootPass_49,94,10,10,Position_Unknown,Team_Unknown,Action_PreSnap,1649.97,258.57,1713.4,391.03,63.430000000000064,132.45999999999998,xml_geometry_csv_action
BootPass_49,94,11,11,Position_Unknown,Team_Unknown,Action_PreSnap,966.7,401.69,1032.73,551.54,66.02999999999997,149.84999999999997,xml_geometry_csv_action
BootPass_49,94,12,12,Position_Unknown,Team_Unknown,Action_PreSnap,309.1,314.82,369.99,463.54,60.889999999999986,148.72000000000003,xml_geometry_csv_action
BootPass_49,94,13,13,Position_Unknown,Team_Unknown,Action_PreSnap,1010.14,154.78,1086.19,275.88,76.05000000000007,121.1,xml_geometry_csv_action
BootPass_49,94,14,14,Position_Unknown,Team_Unknown,Action_PreSnap,1682.14,646.56,1758.28,817.44,76.13999999999987,170.8800000000001,xml_geometry_csv_action
BootPass_49,94,15,15,Position_Unknown,Team_Unknown,Action_PreSnap,567.64,344.77,629.78,484.12,62.139999999999986,139.35000000000002,xml_geometry_csv_action
BootPass_49,94,16,16,Position_Unknown,Team_Unknown,Action_PreSnap,668.18,363.75,738.65,517.02,70.47000000000003,153.26999999999998,xml_geometry_csv_action
BootPass_49,94,17,17,Position_Unknown,Team_Unknown,Action_PreSnap,729.05,354.98,792.43,502.1,63.379999999999995,147.12,xml_geometry_csv_action
BootPass_49,94,18,18,Position_Unknown,Team_Unknown,Action_PreSnap,484.27,366.14,569.8,482.84,85.52999999999997,116.69999999999999,xml_geometry_csv_action
BootPass_49,94,19,19,Position_Unknown,Team_Unknown,Action_PreSnap,546.14,223.87,606.72,296.52,60.58000000000004,72.64999999999998,xml_geometry_csv_action
BootPass_49,94,2,2,Position_Unknown,Team_Unknown,Action_PreSnap,414.82,421.59,519.03,576.62,104.20999999999998,155.03000000000003,xml_geometry_csv_action
BootPass_49,94,20,20,Position_Unknown,Team_Unknown,Action_BootAway,161.08,385.76,259.27,515.73,98.18999999999997,129.97000000000003,xml_geometry_csv_action
BootPass_49,94,21,21,Position_Unknown,Team_Unknown,Action_PreSnap,541.42,277.54,603.12,370.13,61.700000000000045,92.58999999999997,xml_geometry_csv_action
BootPass_49,94,3,3,Position_Unknown,Team_Unknown,Action_PreSnap,1821.38,487.39,1883.27,633.18,61.88999999999987,145.78999999999996,xml_geometry_csv_action
BootPass_49,94,4,4,Position_Unknown,Team_Unknown,Action_PreSnap,594.86,219.96,672.28,357.52,77.41999999999996,137.55999999999997,xml_geometry_csv_action
BootPass_49,94,5,5,Position_Unknown,Team_Unknown,Action_PreSnap,603.49,465.82,725.03,606.95,121.53999999999996,141.13000000000005,xml_geometry_csv_action
BootPass_49,94,6,6,Position_Unknown,Team_Unknown,Action_PreSnap,785.03,509.57,854.86,670.03,69.83000000000004,160.45999999999998,xml_geometry_csv_action
BootPass_49,94,7,7,Position_Unknown,Team_Unknown,Action_PreSnap,1036.91,305.96,1097.77,416.1,60.8599999999999,110.14000000000004,xml_geometry_csv_action
BootPass_49,94,8,8,Position_Unknown,Team_Unknown,Action_PreSnap,519.51,465.35,618.42,631.95,98.90999999999997,166.60000000000002,xml_geometry_csv_action
BootPass_49,94,9,9,Position_Unknown,Team_Unknown,Action_PreSnap,915.94,299.66,992.37,437.98,76.42999999999995,138.32,xml_geometry_csv_action
BootPass_49,95,0,0,Position_Unknown,Team_Unknown,Action_PreSnap,580.7,341.41,655.66,461.56,74.95999999999992,120.14999999999998,xml_geometry_csv_action
BootPass_49,95,1,1,Position_Unknown,Team_Unknown,Action_PreSnap,1228.88,556.74,1348.59,705.58,119.70999999999981,148.84000000000003,xml_geometry_csv_action
BootPass_49,95,10,10,Position_Unknown,Team_Unknown,Action_PreSnap,1651.17,259.17,1719.48,392.2,68.30999999999995,133.02999999999997,xml_geometry_csv_action
BootPass_49,95,11,11,Position_Unknown,Team_Unknown,Action_PreSnap,963.38,399.47,1027.37,551.68,63.989999999999895,152.20999999999992,xml_geometry_csv_action
BootPass_49,95,12,12,Position_Unknown,Team_Unknown,Action_PreSnap,314.22,311.11,375.29,462.5,61.06999999999999,151.39,xml_geometry_csv_action
BootPass_49,95,13,13,Position_Unknown,Team_Unknown,Action_PreSnap,1008.34,157.21,1085.71,276.02,77.37,118.80999999999997,xml_geometry_csv_action
BootPass_49,95,14,14,Position_Unknown,Team_Unknown,Action_PreSnap,1684.54,643.64,1769.78,814.58,85.24000000000001,170.94000000000005,xml_geometry_csv_action
BootPass_49,95,15,15,Position_Unknown,Team_Unknown,Action_PreSnap,564.19,343.88,633.19,483.17,69.0,139.29000000000002,xml_geometry_csv_action
BootPass_49,95,16,16,Position_Unknown,Team_Unknown,Action_PreSnap,672.74,363.94,742.43,516.55,69.68999999999994,152.60999999999996,xml_geometry_csv_action
BootPass_49,95,17,17,Position_Unknown,Team_Unknown,Action_PreSnap,731.33,353.48,793.05,491.16,61.719999999999914,137.68,xml_geometry_csv_action
BootPass_49,95,18,18,Position_Unknown,Team_Unknown,Action_PreSnap,480.24,363.13,566.59,481.01,86.35000000000002,117.88,xml_geometry_csv_action
BootPass_49,95,19,19,Position_Unknown,Team_Unknown,Action_PreSnap,546.65,223.49,605.14,294.34,58.49000000000001,70.84999999999997,xml_geometry_csv_action
BootPass_49,95,2,2,Position_Unknown,Team_Unknown,Action_PreSnap,414.54,422.97,517.8,576.41,103.25999999999993,153.43999999999994,xml_geometry_csv_action
BootPass_49,95,20,20,Position_Unknown,Team_Unknown,Action_BootAway,147.27,389.18,245.79,520.69,98.51999999999998,131.51000000000005,xml_geometry_csv_action
BootPass_49,95,21,21,Position_Unknown,Team_Unknown,Action_PreSnap,540.89,276.79,602.15,366.74,61.25999999999999,89.94999999999999,xml_geometry_csv_action
BootPass_49,95,3,3,Position_Unknown,Team_Unknown,Action_PreSnap,1824.41,486.32,1887.66,630.43,63.25,144.10999999999996,xml_geometry_csv_action
BootPass_49,95,4,4,Position_Unknown,Team_Unknown,Action_PreSnap,592.77,219.72,672.07,358.48,79.30000000000007,138.76000000000002,xml_geometry_csv_action
BootPass_49,95,5,5,Position_Unknown,Team_Unknown,Action_PreSnap,600.74,466.49,724.2,607.22,123.46000000000004,140.73000000000002,xml_geometry_csv_action
BootPass_49,95,6,6,Position_Unknown,Team_Unknown,Action_PreSnap,783.47,512.39,852.69,670.64,69.22000000000003,158.25,xml_geometry_csv_action
BootPass_49,95,7,7,Position_Unknown,Team_Unknown,Action_PreSnap,1040.59,307.22,1114.47,420.41,73.88000000000011,113.19,xml_geometry_csv_action
BootPass_49,95,8,8,Position_Unknown,Team_Unknown,Action_PreSnap,519.3,464.14,615.18,629.04,95.88,164.89999999999998,xml_geometry_csv_action
BootPass_49,95,9,9,Position_Unknown,Team_Unknown,Action_PreSnap,909.89,298.57,982.81,438.23,72.91999999999996,139.66000000000003,xml_geometry_csv_action
BootPass_49,96,1,1,Position_Unknown,Team_Unknown,Action_PreSnap,1260.94,555.86,1363.79,703.37,102.84999999999991,147.51,xml_geometry_csv_action
BootPass_49,96,10,10,Position_Unknown,Team_Unknown,Action_PreSnap,1655.57,261.08,1723.12,390.91,67.54999999999995,129.83000000000004,xml_geometry_csv_action
BootPass_49,96,11,11,Position_Unknown,Team_Unknown,Action_PreSnap,962.35,397.68,1023.89,551.94,61.539999999999964,154.26000000000005,xml_geometry_csv_action
BootPass_49,96,12,12,Position_Unknown,Team_Unknown,Action_PreSnap,322.61,308.1,384.64,463.05,62.02999999999997,154.95,xml_geometry_csv_action
BootPass_49,96,13,13,Position_Unknown,Team_Unknown,Action_PreSnap,1008.25,160.71,1086.26,276.66,78.00999999999999,115.95000000000002,xml_geometry_csv_action
BootPass_49,96,14,14,Position_Unknown,Team_Unknown,Action_PreSnap,1684.95,639.94,1775.44,810.05,90.49000000000001,170.1099999999999,xml_geometry_csv_action
BootPass_49,96,15,15,Position_Unknown,Team_Unknown,Action_PreSnap,562.48,345.38,630.49,482.69,68.00999999999999,137.31,xml_geometry_csv_action
BootPass_49,96,16,16,Position_Unknown,Team_Unknown,Action_PreSnap,678.19,364.47,748.02,516.36,69.82999999999993,151.89,xml_geometry_csv_action
BootPass_49,96,17,17,Position_Unknown,Team_Unknown,Action_PreSnap,734.71,352.18,795.12,486.78,60.40999999999997,134.59999999999997,xml_geometry_csv_action
BootPass_49,96,18,18,Position_Unknown,Team_Unknown,Action_PreSnap,480.71,362.38,566.3,479.21,85.58999999999997,116.82999999999998,xml_geometry_csv_action
BootPass_49,96,19,19,Position_Unknown,Team_Unknown,Action_PreSnap,548.23,224.17,606.64,294.43,58.40999999999997,70.26000000000002,xml_geometry_csv_action
BootPass_49,96,2,2,Position_Unknown,Team_Unknown,Action_PreSnap,416.93,424.15,517.48,576.9,100.55000000000001,152.75,xml_geometry_csv_action
BootPass_49,96,20,20,Position_Unknown,Team_Unknown,Action_BootAway,143.06,393.98,230.4,525.37,87.34,131.39,xml_geometry_csv_action
BootPass_49,96,21,21,Position_Unknown,Team_Unknown,Action_PreSnap,542.87,275.92,602.46,363.68,59.59000000000003,87.75999999999999,xml_geometry_csv_action
BootPass_49,96,3,3,Position_Unknown,Team_Unknown,Action_PreSnap,1826.61,485.92,1889.81,630.91,63.200000000000045,144.98999999999995,xml_geometry_csv_action
BootPass_49,96,4,4,Position_Unknown,Team_Unknown,Action_PreSnap,592.96,220.56,673.34,359.89,80.38,139.32999999999998,xml_geometry_csv_action
BootPass_49,96,5,5,Position_Unknown,Team_Unknown,Action_PreSnap,600.51,466.47,723.03,606.77,122.51999999999998,140.29999999999995,xml_geometry_csv_action
BootPass_49,96,6,6,Position_Unknown,Team_Unknown,Action_PreSnap,782.4,515.04,850.33,670.4,67.93000000000006,155.36,xml_geometry_csv_action
BootPass_49,96,7,7,Position_Unknown,Team_Unknown,Action_PreSnap,1044.79,310.1,1133.84,429.08,89.04999999999995,118.97999999999996,xml_geometry_csv_action
BootPass_49,96,8,8,Position_Unknown,Team_Unknown,Action_PreSnap,519.68,465.94,612.86,627.67,93.18000000000006,161.72999999999996,xml_geometry_csv_action
BootPass_49,96,9,9,Position_Unknown,Team_Unknown,Action_PreSnap,905.8,298.1,975.9,440.05,70.10000000000002,141.95,xml_geometry_csv_action
BootPass_49,97,1,1,Position_Unknown,Team_Unknown,Action_PreSnap,1288.96,555.28,1378.5,700.56,89.53999999999996,145.27999999999997,xml_geometry_csv_action
BootPass_49,97,10,10,Position_Unknown,Team_Unknown,Action_PreSnap,1660.45,263.24,1728.18,389.47,67.73000000000002,126.23000000000002,xml_geometry_csv_action
BootPass_49,97,11,11,Position_Unknown,Team_Unknown,Action_PreSnap,962.16,396.32,1021.5,549.92,59.34000000000003,153.59999999999997,xml_geometry_csv_action
BootPass_49,97,12,12,Position_Unknown,Team_Unknown,Action_PreSnap,330.48,304.54,392.93,460.34,62.44999999999999,155.79999999999995,xml_geometry_csv_action
BootPass_49,97,13,13,Position_Unknown,Team_Unknown,Action_PreSnap,1007.58,163.76,1088.06,277.37,80.4799999999999,113.61000000000001,xml_geometry_csv_action
BootPass_49,97,14,14,Position_Unknown,Team_Unknown,Action_PreSnap,1682.4,635.87,1777.27,802.79,94.86999999999989,166.91999999999996,xml_geometry_csv_action
BootPass_49,97,15,15,Position_Unknown,Team_Unknown,Action_PreSnap,565.38,342.8,632.7,481.68,67.32000000000005,138.88,xml_geometry_csv_action
BootPass_49,97,16,16,Position_Unknown,Team_Unknown,Action_PreSnap,682.72,364.39,751.6,516.76,68.88,152.37,xml_geometry_csv_action
BootPass_49,97,17,17,Position_Unknown,Team_Unknown,Action_PreSnap,738.68,349.48,799.94,483.85,61.260000000000105,134.37,xml_geometry_csv_action
BootPass_49,97,18,18,Position_Unknown,Team_Unknown,Action_PreSnap,482.26,362.11,564.83,474.0,82.57000000000005,111.88999999999999,xml_geometry_csv_action
BootPass_49,97,19,19,Position_Unknown,Team_Unknown,Action_PreSnap,550.56,224.66,607.6,298.14,57.04000000000008,73.47999999999999,xml_geometry_csv_action
BootPass_49,97,2,2,Position_Unknown,Team_Unknown,Action_PreSnap,419.0,423.79,514.55,576.4,95.54999999999995,152.60999999999996,xml_geometry_csv_action
BootPass_49,97,20,20,Position_Unknown,Team_Unknown,Action_BootAway,143.6,397.82,217.36,525.67,73.76000000000002,127.84999999999997,xml_geometry_csv_action
BootPass_49,97,21,21,Position_Unknown,Team_Unknown,Action_PreSnap,545.42,274.97,603.56,358.71,58.139999999999986,83.73999999999995,xml_geometry_csv_action
BootPass_49,97,3,3,Position_Unknown,Team_Unknown,Action_PreSnap,1827.56,485.68,1890.58,630.85,63.01999999999998,145.17000000000002,xml_geometry_csv_action
BootPass_49,97,4,4,Position_Unknown,Team_Unknown,Action_PreSnap,593.56,221.53,672.66,359.09,79.10000000000002,137.55999999999997,xml_geometry_csv_action
BootPass_49,97,5,5,Position_Unknown,Team_Unknown,Action_PreSnap,601.44,467.19,720.06,606.18,118.61999999999989,138.98999999999995,xml_geometry_csv_action
BootPass_49,97,6,6,Position_Unknown,Team_Unknown,Action_PreSnap,781.62,516.36,847.17,669.78,65.54999999999995,153.41999999999996,xml_geometry_csv_action
BootPass_49,97,7,7,Position_Unknown,Team_Unknown,Action_PreSnap,1055.37,313.51,1145.13,435.36,89.76000000000022,121.85000000000002,xml_geometry_csv_action
BootPass_49,97,8,8,Position_Unknown,Team_Unknown,Action_PreSnap,520.61,465.31,611.17,626.08,90.55999999999995,160.77000000000004,xml_geometry_csv_action
BootPass_49,97,9,9,Position_Unknown,Team_Unknown,Action_PreSnap,902.6,297.38,968.55,440.82,65.94999999999993,143.44,xml_geometry_csv_action
BootPass_49,98,1,1,Position_Unknown,Team_Unknown,Action_PreSnap,1296.14,551.8,1394.48,696.28,98.33999999999992,144.48000000000002,xml_geometry_csv_action
BootPass_49,98,10,10,Position_Unknown,Team_Unknown,Action_PreSnap,1666.1,266.46,1730.4,389.17,64.30000000000018,122.71000000000004,xml_geometry_csv_action
BootPass_49,98,11,11,Position_Unknown,Team_Unknown,Action_PreSnap,960.35,394.01,1019.25,546.08,58.89999999999998,152.07000000000005,xml_geometry_csv_action
BootPass_49,98,12,12,Position_Unknown,Team_Unknown,Action_PreSnap,337.66,301.07,400.87,455.26,63.20999999999998,154.19,xml_geometry_csv_action
BootPass_49,98,13,13,Position_Unknown,Team_Unknown,Action_PreSnap,1006.29,165.81,1090.39,277.26,84.10000000000014,111.44999999999999,xml_geometry_csv_action
BootPass_49,98,14,14,Position_Unknown,Team_Unknown,Action_PreSnap,1687.79,632.12,1778.02,793.51,90.23000000000002,161.39,xml_geometry_csv_action
BootPass_49,98,15,15,Position_Unknown,Team_Unknown,Action_PreSnap,566.3,341.65,635.64,481.64,69.34000000000003,139.99,xml_geometry_csv_action
BootPass_49,98,16,16,Position_Unknown,Team_Unknown,Action_PreSnap,685.13,363.05,754.1,516.21,68.97000000000003,153.16000000000003,xml_geometry_csv_action
BootPass_49,98,17,17,Position_Unknown,Team_Unknown,Action_PreSnap,741.94,345.36,804.12,482.23,62.17999999999995,136.87,xml_geometry_csv_action
BootPass_49,98,18,18,Position_Unknown,Team_Unknown,Action_PreSnap,484.34,360.3,563.97,472.58,79.63000000000005,112.27999999999997,xml_geometry_csv_action
BootPass_49,98,19,19,Position_Unknown,Team_Unknown,Action_PreSnap,550.76,224.29,608.8,319.67,58.039999999999964,95.38000000000002,xml_geometry_csv_action
BootPass_49,98,2,2,Position_Unknown,Team_Unknown,Action_PreSnap,418.61,422.89,508.27,575.61,89.65999999999997,152.72000000000003,xml_geometry_csv_action
BootPass_49,98,20,20,Position_Unknown,Team_Unknown,Action_BootAway,143.2,400.33,208.34,524.03,65.14000000000001,123.69999999999999,xml_geometry_csv_action
BootPass_49,98,21,21,Position_Unknown,Team_Unknown,Action_PreSnap,548.43,274.33,606.08,354.68,57.65000000000009,80.35000000000002,xml_geometry_csv_action
BootPass_49,98,3,3,Position_Unknown,Team_Unknown,Action_PreSnap,1827.88,485.35,1889.08,630.54,61.19999999999982,145.18999999999994,xml_geometry_csv_action
BootPass_49,98,4,4,Position_Unknown,Team_Unknown,Action_PreSnap,593.54,222.3,671.68,357.07,78.13999999999999,134.76999999999998,xml_geometry_csv_action
BootPass_49,98,5,5,Position_Unknown,Team_Unknown,Action_PreSnap,601.4,467.49,715.12,605.49,113.72000000000003,138.0,xml_geometry_csv_action
BootPass_49,98,6,6,Position_Unknown,Team_Unknown,Action_PreSnap,780.1,515.49,843.21,668.69,63.110000000000014,153.20000000000005,xml_geometry_csv_action
BootPass_49,98,7,7,Position_Unknown,Team_Unknown,Action_PreSnap,1067.49,316.67,1149.37,437.73,81.87999999999988,121.06,xml_geometry_csv_action
BootPass_49,98,8,8,Position_Unknown,Team_Unknown,Action_PreSnap,515.0,466.0,609.72,624.9,94.72000000000003,158.89999999999998,xml_geometry_csv_action
BootPass_49,98,9,9,Position_Unknown,Team_Unknown,Action_PreSnap,898.22,295.18,962.07,440.25,63.85000000000002,145.07,xml_geometry_csv_action
BootPass_49,99,1,1,Position_Unknown,Team_Unknown,Action_PreSnap,1300.72,548.07,1408.54,694.08,107.81999999999994,146.01,xml_geometry_csv_action
BootPass_49,99,10,10,Position_Unknown,Team_Unknown,Action_PreSnap,1671.2,270.08,1731.11,386.05,59.909999999999854,115.97000000000003,xml_geometry_csv_action
BootPass_49,99,11,11,Position_Unknown,Team_Unknown,Action_PreSnap,958.03,391.73,1016.87,539.42,58.84000000000003,147.68999999999994,xml_geometry_csv_action
BootPass_49,99,12,12,Position_Unknown,Team_Unknown,Action_PreSnap,343.41,298.18,407.1,444.64,63.69,146.45999999999998,xml_geometry_csv_action
BootPass_49,99,13,13,Position_Unknown,Team_Unknown,Action_PreSnap,1003.44,167.17,1092.62,277.57,89.17999999999984,110.4,xml_geometry_csv_action
BootPass_49,99,14,14,Position_Unknown,Team_Unknown,Action_PreSnap,1698.05,629.14,1779.25,785.98,81.20000000000005,156.84000000000003,xml_geometry_csv_action
BootPass_49,99,15,15,Position_Unknown,Team_Unknown,Action_PreSnap,568.38,338.51,636.38,478.36,68.0,139.85000000000002,xml_geometry_csv_action
BootPass_49,99,16,16,Position_Unknown,Team_Unknown,Action_PreSnap,687.67,361.91,756.92,513.1,69.25,151.19,xml_geometry_csv_action
BootPass_49,99,17,17,Position_Unknown,Team_Unknown,Action_PreSnap,745.49,341.15,807.66,479.61,62.16999999999996,138.46000000000004,xml_geometry_csv_action
BootPass_49,99,18,18,Position_Unknown,Team_Unknown,Action_PreSnap,482.94,359.97,562.15,472.66,79.20999999999998,112.69,xml_geometry_csv_action
BootPass_49,99,19,19,Position_Unknown,Team_Unknown,Action_PreSnap,550.05,223.15,610.55,325.74,60.5,102.59,xml_geometry_csv_action
BootPass_49,99,2,2,Position_Unknown,Team_Unknown,Action_PreSnap,417.09,422.68,498.89,574.32,81.80000000000001,151.64000000000004,xml_geometry_csv_action
BootPass_49,99,20,20,Position_Unknown,Team_Unknown,Action_BootAway,135.84,402.5,200.98,525.94,65.13999999999999,123.44000000000005,xml_geometry_csv_action
BootPass_49,99,21,21,Position_Unknown,Team_Unknown,Action_PreSnap,549.23,272.11,606.89,351.47,57.65999999999997,79.36000000000001,xml_geometry_csv_action
BootPass_49,99,3,3,Position_Unknown,Team_Unknown,Action_PreSnap,1827.83,484.99,1888.09,629.62,60.25999999999999,144.63,xml_geometry_csv_action
BootPass_49,99,4,4,Position_Unknown,Team_Unknown,Action_PreSnap,595.19,224.11,669.93,351.49,74.7399999999999,127.38,xml_geometry_csv_action
BootPass_49,99,5,5,Position_Unknown,Team_Unknown,Action_PreSnap,600.53,467.03,707.84,605.18,107.31000000000006,138.14999999999998,xml_geometry_csv_action
BootPass_49,99,6,6,Position_Unknown,Team_Unknown,Action_PreSnap,778.29,514.21,840.3,667.08,62.00999999999999,152.87,xml_geometry_csv_action
BootPass_49,99,7,7,Position_Unknown,Team_Unknown,Action_PreSnap,1075.97,321.84,1149.32,440.33,73.34999999999991,118.49000000000001,xml_geometry_csv_action
BootPass_49,99,8,8,Position_Unknown,Team_Unknown,Action_PreSnap,510.16,466.95,608.53,623.92,98.36999999999995,156.96999999999997,xml_geometry_csv_action
BootPass_49,99,9,9,Position_Unknown,Team_Unknown,Action_PreSnap,893.66,292.79,956.27,438.77,62.610000000000014,145.97999999999996,xml_geometry_csv_action
BootPass_49,100,1,1,Position_Unknown,Team_Unknown,Action_PreSnap,1309.47,544.84,1424.43,686.73,114.96000000000004,141.89,xml_geometry_csv_action
BootPass_49,100,10,10,Position_Unknown,Team_Unknown,Action_PreSnap,1670.29,273.16,1731.61,390.78,61.319999999999936,117.61999999999995,xml_geometry_csv_action
BootPass_49,100,11,11,Position_Unknown,Team_Unknown,Action_PreSnap,956.22,390.69,1015.36,532.17,59.139999999999986,141.47999999999996,xml_geometry_csv_action
BootPass_49,100,12,12,Position_Unknown,Team_Unknown,Action_PreSnap,348.37,295.69,413.07,439.28,64.69999999999999,143.58999999999997,xml_geometry_csv_action
BootPass_49,100,13,13,Position_Unknown,Team_Unknown,Action_PreSnap,1002.45,167.74,1094.63,278.3,92.18000000000006,110.56,xml_geometry_csv_action
BootPass_49,100,14,14,Position_Unknown,Team_Unknown,Action_PreSnap,1705.78,626.73,1780.33,780.38,74.54999999999995,153.64999999999998,xml_geometry_csv_action
BootPass_49,100,15,15,Position_Unknown,Team_Unknown,Action_PreSnap,570.74,339.01,636.55,472.55,65.80999999999995,133.54000000000002,xml_geometry_csv_action
BootPass_49,100,16,16,Position_Unknown,Team_Unknown,Action_PreSnap,690.92,360.94,760.88,511.57,69.96000000000004,150.63,xml_geometry_csv_action
BootPass_49,100,17,17,Position_Unknown,Team_Unknown,Action_PreSnap,750.11,336.85,810.77,477.22,60.65999999999997,140.37,xml_geometry_csv_action
BootPass_49,100,18,18,Position_Unknown,Team_Unknown,Action_PreSnap,481.57,358.51,562.55,470.97,80.97999999999996,112.46000000000004,xml_geometry_csv_action
BootPass_49,100,19,19,Position_Unknown,Team_Unknown,Action_PreSnap,549.52,222.57,612.91,328.83,63.389999999999986,106.25999999999999,xml_geometry_csv_action
BootPass_49,100,2,2,Position_Unknown,Team_Unknown,Action_PreSnap,417.9,422.41,494.16,573.64,76.26000000000005,151.22999999999996,xml_geometry_csv_action
BootPass_49,100,20,20,Position_Unknown,Team_Unknown,Action_BootAway,122.9,404.17,195.92,527.64,73.01999999999998,123.46999999999997,xml_geometry_csv_action
BootPass_49,100,21,21,Position_Unknown,Team_Unknown,Action_PreSnap,550.86,270.81,607.74,350.64,56.879999999999995,79.82999999999998,xml_geometry_csv_action
BootPass_49,100,22,22,Position_Unknown,Team_Unknown,Action_PreSnap,541.56,332.26,596.52,432.47,54.960000000000036,100.21000000000004,xml_geometry_csv_action
BootPass_49,100,3,3,Position_Unknown,Team_Unknown,Action_PreSnap,1826.15,485.31,1887.93,629.19,61.77999999999997,143.88000000000005,xml_geometry_csv_action
BootPass_49,100,4,4,Position_Unknown,Team_Unknown,Action_PreSnap,596.63,226.11,669.05,344.36,72.41999999999996,118.25,xml_geometry_csv_action
BootPass_49,100,5,5,Position_Unknown,Team_Unknown,Action_PreSnap,599.99,465.58,700.3,604.36,100.30999999999995,138.78000000000003,xml_geometry_csv_action
BootPass_49,100,6,6,Position_Unknown,Team_Unknown,Action_PreSnap,776.47,511.24,838.14,665.67,61.66999999999996,154.42999999999995,xml_geometry_csv_action
BootPass_49,100,7,7,Position_Unknown,Team_Unknown,Action_PreSnap,1079.42,327.82,1150.49,444.47,71.06999999999994,116.65000000000003,xml_geometry_csv_action
BootPass_49,100,8,8,Position_Unknown,Team_Unknown,Action_PreSnap,508.46,468.01,608.58,622.99,100.12000000000006,154.98000000000002,xml_geometry_csv_action
BootPass_49,100,9,9,Position_Unknown,Team_Unknown,Action_PreSnap,888.57,291.07,950.27,430.82,61.69999999999993,139.75,xml_geometry_csv_action
BootPass_49,101,1,1,Position_Unknown,Team_Unknown,Action_PreSnap,1324.06,542.25,1437.58,681.57,113.51999999999998,139.32000000000005,xml_geometry_csv_action
BootPass_49,101,10,10,Position_Unknown,Team_Unknown,Action_PreSnap,1669.11,276.35,1731.78,390.86,62.67000000000007,114.50999999999999,xml_geometry_csv_action
BootPass_49,101,11,11,Position_Unknown,Team_Unknown,Action_PreSnap,952.63,390.44,1012.08,526.28,59.450000000000045,135.83999999999997,xml_geometry_csv_action
BootPass_49,101,12,12,Position_Unknown,Team_Unknown,Action_PreSnap,352.98,293.18,416.98,432.9,64.0,139.71999999999997,xml_geometry_csv_action
BootPass_49,101,13,13,Position_Unknown,Team_Unknown,Action_PreSnap,1000.91,167.82,1095.37,279.95,94.45999999999992,112.13,xml_geometry_csv_action
BootPass_49,101,14,14,Position_Unknown,Team_Unknown,Action_PreSnap,1707.1,624.26,1779.94,776.9,72.84000000000015,152.64,xml_geometry_csv_action
BootPass_49,101,15,15,Position_Unknown,Team_Unknown,Action_PreSnap,569.86,339.0,635.39,467.75,65.52999999999997,128.75,xml_geometry_csv_action
BootPass_49,101,16,16,Position_Unknown,Team_Unknown,Action_PreSnap,694.28,359.12,764.41,508.97,70.13,149.85000000000002,xml_geometry_csv_action
BootPass_49,101,17,17,Position_Unknown,Team_Unknown,Action_PreSnap,753.76,333.32,812.49,467.3,58.73000000000002,133.98000000000002,xml_geometry_csv_action
BootPass_49,101,18,18,Position_Unknown,Team_Unknown,Action_PreSnap,481.18,357.77,562.22,470.24,81.04000000000002,112.47000000000003,xml_geometry_csv_action
BootPass_49,101,19,19,Position_Unknown,Team_Unknown,Action_PreSnap,548.95,221.74,613.52,332.47,64.56999999999994,110.73000000000002,xml_geometry_csv_action
BootPass_49,101,2,2,Position_Unknown,Team_Unknown,Action_PreSnap,418.86,422.7,491.46,575.14,72.59999999999997,152.44,xml_geometry_csv_action
BootPass_49,101,20,20,Position_Unknown,Team_Unknown,Action_BootAway,112.4,405.33,192.32,526.48,79.91999999999999,121.15000000000003,xml_geometry_csv_action
BootPass_49,101,21,21,Position_Unknown,Team_Unknown,Action_PreSnap,549.41,269.55,607.99,350.08,58.58000000000004,80.52999999999997,xml_geometry_csv_action
BootPass_49,101,22,22,Position_Unknown,Team_Unknown,Action_PreSnap,537.39,336.46,594.53,430.3,57.139999999999986,93.84000000000003,xml_geometry_csv_action
BootPass_49,101,3,3,Position_Unknown,Team_Unknown,Action_PreSnap,1823.85,485.47,1885.89,627.46,62.04000000000019,141.99,xml_geometry_csv_action
BootPass_49,101,4,4,Position_Unknown,Team_Unknown,Action_PreSnap,595.92,226.31,667.64,339.7,71.72000000000003,113.38999999999999,xml_geometry_csv_action
BootPass_49,101,5,5,Position_Unknown,Team_Unknown,Action_PreSnap,601.56,463.64,692.97,603.35,91.41000000000008,139.71000000000004,xml_geometry_csv_action
BootPass_49,101,6,6,Position_Unknown,Team_Unknown,Action_PreSnap,774.91,508.78,836.34,664.24,61.430000000000064,155.46000000000004,xml_geometry_csv_action
BootPass_49,101,7,7,Position_Unknown,Team_Unknown,Action_PreSnap,1084.85,333.37,1151.56,449.74,66.71000000000004,116.37,xml_geometry_csv_action
BootPass_49,101,8,8,Position_Unknown,Team_Unknown,Action_PreSnap,507.08,468.89,609.94,622.85,102.86000000000007,153.96000000000004,xml_geometry_csv_action
BootPass_49,101,9,9,Position_Unknown,Team_Unknown,Action_PreSnap,884.26,290.55,944.31,426.33,60.049999999999955,135.77999999999997,xml_geometry_csv_action
BootPass_49,102,1,1,Position_Unknown,Team_Unknown,Action_PreSnap,1341.22,540.79,1447.2,681.05,105.98000000000002,140.26,xml_geometry_csv_action
BootPass_49,102,10,10,Position_Unknown,Team_Unknown,Action_PreSnap,1663.18,280.95,1727.35,393.23,64.16999999999985,112.28000000000003,xml_geometry_csv_action
BootPass_49,102,11,11,Position_Unknown,Team_Unknown,Action_PreSnap,949.17,390.88,1010.11,520.34,60.940000000000055,129.46000000000004,xml_geometry_csv_action
BootPass_49,102,12,12,Position_Unknown,Team_Unknown,Action_PreSnap,358.24,292.4,422.46,429.12,64.21999999999997,136.72000000000003,xml_geometry_csv_action
BootPass_49,102,13,13,Position_Unknown,Team_Unknown,Action_PreSnap,1000.13,170.98,1094.87,284.83,94.7399999999999,113.85,xml_geometry_csv_action
BootPass_49,102,14,14,Position_Unknown,Team_Unknown,Action_PreSnap,1701.9,621.4,1776.66,771.86,74.75999999999999,150.46000000000004,xml_geometry_csv_action
BootPass_49,102,15,15,Position_Unknown,Team_Unknown,Action_PreSnap,570.64,338.65,639.33,471.29,68.69000000000005,132.64000000000004,xml_geometry_csv_action
BootPass_49,102,16,16,Position_Unknown,Team_Unknown,Action_PreSnap,697.92,358.69,767.72,508.41,69.80000000000007,149.72000000000003,xml_geometry_csv_action
BootPass_49,102,17,17,Position_Unknown,Team_Unknown,Action_PreSnap,756.96,331.7,815.15,462.47,58.18999999999994,130.77000000000004,xml_geometry_csv_action
BootPass_49,102,18,18,Position_Unknown,Team_Unknown,Action_PreSnap,484.98,357.87,565.99,470.39,81.00999999999999,112.51999999999998,xml_geometry_csv_action
BootPass_49,102,19,19,Position_Unknown,Team_Unknown,Action_PreSnap,553.43,223.74,617.03,331.16,63.60000000000002,107.42000000000002,xml_geometry_csv_action
BootPass_49,102,2,2,Position_Unknown,Team_Unknown,Action_PreSnap,423.06,424.8,491.27,577.66,68.20999999999998,152.85999999999996,xml_geometry_csv_action
BootPass_49,102,20,20,Position_Unknown,Team_Unknown,Action_BootAway,107.42,407.92,190.58,528.4,83.16000000000001,120.47999999999996,xml_geometry_csv_action
BootPass_49,102,21,21,Position_Unknown,Team_Unknown,Action_PreSnap,555.18,271.04,611.96,351.46,56.780000000000086,80.41999999999996,xml_geometry_csv_action
BootPass_49,102,22,22,Position_Unknown,Team_Unknown,Action_PreSnap,534.21,334.18,592.85,427.52,58.639999999999986,93.33999999999997,xml_geometry_csv_action
BootPass_49,102,3,3,Position_Unknown,Team_Unknown,Action_PreSnap,1818.53,486.46,1879.88,624.52,61.350000000000136,138.06,xml_geometry_csv_action
BootPass_49,102,4,4,Position_Unknown,Team_Unknown,Action_PreSnap,599.99,230.07,667.95,338.73,67.96000000000004,108.66000000000003,xml_geometry_csv_action
BootPass_49,102,5,5,Position_Unknown,Team_Unknown,Action_PreSnap,603.99,462.87,687.03,603.68,83.03999999999996,140.80999999999995,xml_geometry_csv_action
BootPass_49,102,6,6,Position_Unknown,Team_Unknown,Action_PreSnap,773.34,507.2,835.09,662.74,61.75,155.54000000000002,xml_geometry_csv_action
BootPass_49,102,7,7,Position_Unknown,Team_Unknown,Action_PreSnap,1091.39,339.77,1154.81,452.96,63.419999999999845,113.19,xml_geometry_csv_action
BootPass_49,102,8,8,Position_Unknown,Team_Unknown,Action_PreSnap,508.74,467.62,613.74,621.9,105.0,154.27999999999997,xml_geometry_csv_action
BootPass_49,102,9,9,Position_Unknown,Team_Unknown,Action_PreSnap,881.89,292.8,938.84,422.55,56.950000000000045,129.75,xml_geometry_csv_action
BootPass_49,103,1,1,Position_Unknown,Team_Unknown,Action_PreSnap,1366.01,539.05,1452.64,677.6,86.63000000000011,138.55000000000007,xml_geometry_csv_action
BootPass_49,103,10,10,Position_Unknown,Team_Unknown,Action_PreSnap,1650.03,283.96,1720.62,398.64,70.58999999999992,114.68,xml_geometry_csv_action
BootPass_49,103,11,11,Position_Unknown,Team_Unknown,Action_PreSnap,943.82,390.89,1006.81,513.96,62.989999999999895,123.07000000000005,xml_geometry_csv_action
BootPass_49,103,12,12,Position_Unknown,Team_Unknown,Action_PreSnap,364.9,290.6,428.98,426.08,64.08000000000004,135.47999999999996,xml_geometry_csv_action
BootPass_49,103,13,13,Position_Unknown,Team_Unknown,Action_PreSnap,1003.24,173.76,1092.67,287.79,89.43000000000006,114.03000000000003,xml_geometry_csv_action
BootPass_49,103,14,14,Position_Unknown,Team_Unknown,Action_PreSnap,1692.71,616.88,1771.19,765.05,78.48000000000002,148.16999999999996,xml_geometry_csv_action
BootPass_49,103,15,15,Position_Unknown,Team_Unknown,Action_PreSnap,571.99,338.05,640.08,470.14,68.09000000000003,132.08999999999997,xml_geometry_csv_action
BootPass_49,103,16,16,Position_Unknown,Team_Unknown,Action_PreSnap,699.47,358.15,769.61,506.21,70.13999999999999,148.06,xml_geometry_csv_action
BootPass_49,103,17,17,Position_Unknown,Team_Unknown,Action_PreSnap,758.82,329.82,817.37,454.55,58.549999999999955,124.73000000000002,xml_geometry_csv_action
BootPass_49,103,18,18,Position_Unknown,Team_Unknown,Action_PreSnap,487.4,359.33,575.45,468.91,88.05000000000007,109.58000000000004,xml_geometry_csv_action
BootPass_49,103,19,19,Position_Unknown,Team_Unknown,Action_PreSnap,554.92,224.84,618.11,330.89,63.190000000000055,106.04999999999998,xml_geometry_csv_action
BootPass_49,103,2,2,Position_Unknown,Team_Unknown,Action_PreSnap,425.25,427.54,489.55,579.53,64.30000000000001,151.98999999999995,xml_geometry_csv_action
BootPass_49,103,20,20,Position_Unknown,Team_Unknown,Action_BootAway,107.22,410.92,188.91,531.0,81.69,120.07999999999998,xml_geometry_csv_action
BootPass_49,103,21,21,Position_Unknown,Team_Unknown,Action_PreSnap,558.11,273.51,614.12,353.33,56.00999999999999,79.82,xml_geometry_csv_action
BootPass_49,103,3,3,Position_Unknown,Team_Unknown,Action_PreSnap,1811.2,487.67,1871.01,620.79,59.809999999999945,133.11999999999995,xml_geometry_csv_action
BootPass_49,103,4,4,Position_Unknown,Team_Unknown,Action_PreSnap,601.79,233.0,666.67,339.29,64.88,106.29000000000002,xml_geometry_csv_action
BootPass_49,103,5,5,Position_Unknown,Team_Unknown,Action_PreSnap,604.88,459.8,683.53,602.85,78.64999999999998,143.05,xml_geometry_csv_action
BootPass_49,103,6,6,Position_Unknown,Team_Unknown,Action_PreSnap,769.79,506.03,832.53,659.44,62.74000000000001,153.41000000000008,xml_geometry_csv_action
BootPass_49,103,7,7,Position_Unknown,Team_Unknown,Action_PreSnap,1095.69,345.58,1161.83,459.98,66.13999999999987,114.40000000000003,xml_geometry_csv_action
BootPass_49,103,8,8,Position_Unknown,Team_Unknown,Action_PreSnap,513.71,465.61,615.93,619.81,102.21999999999991,154.19999999999993,xml_geometry_csv_action
BootPass_49,103,9,9,Position_Unknown,Team_Unknown,Action_PreSnap,878.12,294.7,932.89,419.52,54.76999999999998,124.82,xml_geometry_csv_action
BootPass_49,104,1,1,Position_Unknown,Team_Unknown,Action_PreSnap,1381.73,536.65,1459.47,673.98,77.74000000000001,137.33000000000004,xml_geometry_csv_action
BootPass_49,104,10,10,Position_Unknown,Team_Unknown,Action_PreSnap,1632.4,286.15,1712.96,401.32,80.55999999999995,115.17000000000002,xml_geometry_csv_action
BootPass_49,104,11,11,Position_Unknown,Team_Unknown,Action_PreSnap,938.76,390.9,1004.16,509.59,65.39999999999998,118.69,xml_geometry_csv_action
BootPass_49,104,12,12,Position_Unknown,Team_Unknown,Action_PreSnap,370.42,288.54,435.56,424.19,65.13999999999999,135.64999999999998,xml_geometry_csv_action
BootPass_49,104,13,13,Position_Unknown,Team_Unknown,Action_PreSnap,1006.7,176.42,1090.63,291.06,83.93000000000006,114.64000000000001,xml_geometry_csv_action
BootPass_49,104,14,14,Position_Unknown,Team_Unknown,Action_PreSnap,1684.39,611.0,1765.06,754.41,80.66999999999985,143.40999999999997,xml_geometry_csv_action
BootPass_49,104,15,15,Position_Unknown,Team_Unknown,Action_PreSnap,572.6,338.65,641.93,464.01,69.32999999999993,125.36000000000001,xml_geometry_csv_action
BootPass_49,104,16,16,Position_Unknown,Team_Unknown,Action_PreSnap,698.43,358.58,769.95,502.49,71.5200000000001,143.91000000000003,xml_geometry_csv_action
BootPass_49,104,17,17,Position_Unknown,Team_Unknown,Action_PreSnap,760.03,328.58,819.28,449.9,59.25,121.32,xml_geometry_csv_action
BootPass_49,104,18,18,Position_Unknown,Team_Unknown,Action_PreSnap,489.01,362.98,580.84,467.28,91.83000000000004,104.29999999999995,xml_geometry_csv_action
BootPass_49,104,19,19,Position_Unknown,Team_Unknown,Action_PreSnap,555.48,228.08,618.62,332.38,63.139999999999986,104.29999999999998,xml_geometry_csv_action
BootPass_49,104,2,2,Position_Unknown,Team_Unknown,Action_PreSnap,425.58,430.13,488.89,579.92,63.31,149.78999999999996,xml_geometry_csv_action
BootPass_49,104,20,20,Position_Unknown,Team_Unknown,Action_BootAway,111.74,414.43,190.41,533.49,78.67,119.06,xml_geometry_csv_action
BootPass_49,104,21,21,Position_Unknown,Team_Unknown,Action_PreSnap,560.84,275.3,616.09,356.35,55.25,81.05000000000001,xml_geometry_csv_action
BootPass_49,104,22,22,Position_Unknown,Team_Unknown,Action_PreSnap,540.63,356.29,599.33,450.9,58.700000000000045,94.60999999999996,xml_geometry_csv_action
BootPass_49,104,3,3,Position_Unknown,Team_Unknown,Action_PreSnap,1802.92,488.24,1860.22,615.06,57.299999999999955,126.81999999999994,xml_geometry_csv_action
BootPass_49,104,4,4,Position_Unknown,Team_Unknown,Action_PreSnap,603.73,236.16,666.74,340.4,63.00999999999999,104.23999999999998,xml_geometry_csv_action
BootPass_49,104,5,5,Position_Unknown,Team_Unknown,Action_PreSnap,605.8,455.41,680.8,601.23,75.0,145.82,xml_geometry_csv_action
BootPass_49,104,6,6,Position_Unknown,Team_Unknown,Action_PreSnap,766.87,504.91,829.9,654.01,63.02999999999997,149.09999999999997,xml_geometry_csv_action
BootPass_49,104,7,7,Position_Unknown,Team_Unknown,Action_PreSnap,1100.47,351.12,1168.72,466.65,68.25,115.52999999999997,xml_geometry_csv_action
BootPass_49,104,8,8,Position_Unknown,Team_Unknown,Action_PreSnap,518.64,462.98,616.53,616.84,97.88999999999999,153.86,xml_geometry_csv_action
BootPass_49,104,9,9,Position_Unknown,Team_Unknown,Action_PreSnap,872.99,296.5,927.05,412.82,54.059999999999945,116.32,xml_geometry_csv_action
BootPass_49,105,1,1,Position_Unknown,Team_Unknown,Action_PreSnap,1381.59,534.72,1464.82,671.23,83.23000000000002,136.51,xml_geometry_csv_action
BootPass_49,105,10,10,Position_Unknown,Team_Unknown,Action_PreSnap,1619.86,288.91,1702.6,403.33,82.74000000000001,114.41999999999996,xml_geometry_csv_action
BootPass_49,105,11,11,Position_Unknown,Team_Unknown,Action_PreSnap,933.43,392.26,1001.22,505.68,67.79000000000008,113.42000000000002,xml_geometry_csv_action
BootPass_49,105,12,12,Position_Unknown,Team_Unknown,Action_PreSnap,375.82,286.74,440.61,423.97,64.79000000000002,137.23000000000002,xml_geometry_csv_action
BootPass_49,105,13,13,Position_Unknown,Team_Unknown,Action_PreSnap,1013.08,179.41,1087.0,293.28,73.91999999999996,113.86999999999998,xml_geometry_csv_action
BootPass_49,105,14,14,Position_Unknown,Team_Unknown,Action_PreSnap,1678.91,604.42,1759.19,749.55,80.27999999999997,145.13,xml_geometry_csv_action
BootPass_49,105,15,15,Position_Unknown,Team_Unknown,Action_PreSnap,573.82,340.92,644.8,457.86,70.9799999999999,116.94,xml_geometry_csv_action
BootPass_49,105,16,16,Position_Unknown,Team_Unknown,Action_PreSnap,697.04,358.76,770.82,498.75,73.78000000000009,139.99,xml_geometry_csv_action
BootPass_49,105,17,17,Position_Unknown,Team_Unknown,Action_PreSnap,757.35,327.99,820.35,447.65,63.0,119.65999999999997,xml_geometry_csv_action
BootPass_49,105,18,18,Position_Unknown,Team_Unknown,Action_PreSnap,490.91,368.19,574.3,466.21,83.38999999999993,98.01999999999998,xml_geometry_csv_action
BootPass_49,105,19,19,Position_Unknown,Team_Unknown,Action_PreSnap,557.34,229.65,617.83,331.77,60.49000000000001,102.11999999999998,xml_geometry_csv_action
BootPass_49,105,2,2,Position_Unknown,Team_Unknown,Action_PreSnap,420.55,432.86,488.83,579.16,68.27999999999997,146.29999999999995,xml_geometry_csv_action
BootPass_49,105,20,20,Position_Unknown,Team_Unknown,Action_BootAway,116.19,419.13,189.96,538.47,73.77000000000001,119.34000000000003,xml_geometry_csv_action
BootPass_49,105,21,21,Position_Unknown,Team_Unknown,Action_PreSnap,563.36,276.19,617.08,359.47,53.72000000000003,83.28000000000003,xml_geometry_csv_action
BootPass_49,105,22,22,Position_Unknown,Team_Unknown,Action_PreSnap,539.96,362.78,602.71,454.6,62.75,91.82000000000005,xml_geometry_csv_action
BootPass_49,105,3,3,Position_Unknown,Team_Unknown,Action_PreSnap,1792.83,488.21,1849.56,612.22,56.73000000000002,124.01000000000005,xml_geometry_csv_action
BootPass_49,105,4,4,Position_Unknown,Team_Unknown,Action_PreSnap,603.59,237.23,668.51,341.66,64.91999999999996,104.43000000000004,xml_geometry_csv_action
BootPass_49,105,5,5,Position_Unknown,Team_Unknown,Action_PreSnap,606.44,450.73,680.01,598.86,73.56999999999994,148.13,xml_geometry_csv_action
BootPass_49,105,6,6,Position_Unknown,Team_Unknown,Action_PreSnap,764.49,505.09,827.5,651.13,63.00999999999999,146.04000000000002,xml_geometry_csv_action
BootPass_49,105,7,7,Position_Unknown,Team_Unknown,Action_PreSnap,1107.02,356.74,1172.17,469.05,65.15000000000009,112.31,xml_geometry_csv_action
BootPass_49,105,8,8,Position_Unknown,Team_Unknown,Action_PreSnap,524.54,460.07,616.11,613.72,91.57000000000005,153.65000000000003,xml_geometry_csv_action
BootPass_49,105,9,9,Position_Unknown,Team_Unknown,Action_PreSnap,866.06,298.32,921.79,410.76,55.73000000000002,112.44,xml_geometry_csv_action
BootPass_49,106,1,1,Position_Unknown,Team_Unknown,Action_PreSnap,1376.2,533.39,1473.88,668.94,97.68000000000006,135.55000000000007,xml_geometry_csv_action
BootPass_49,106,10,10,Position_Unknown,Team_Unknown,Action_PreSnap,1614.92,292.96,1693.6,407.06,78.67999999999984,114.10000000000002,xml_geometry_csv_action
BootPass_49,106,11,11,Position_Unknown,Team_Unknown,Action_PreSnap,929.73,394.37,997.35,502.52,67.62,108.14999999999998,xml_geometry_csv_action
BootPass_49,106,12,12,Position_Unknown,Team_Unknown,Action_PreSnap,383.86,285.58,445.68,422.99,61.81999999999999,137.41000000000003,xml_geometry_csv_action
BootPass_49,106,13,13,Position_Unknown,Team_Unknown,Action_PreSnap,1020.94,182.67,1083.73,296.34,62.789999999999964,113.66999999999999,xml_geometry_csv_action
BootPass_49,106,14,14,Position_Unknown,Team_Unknown,Action_PreSnap,1679.78,599.18,1753.74,745.51,73.96000000000004,146.33000000000004,xml_geometry_csv_action
BootPass_49,106,15,15,Position_Unknown,Team_Unknown,Action_PreSnap,575.73,340.27,648.87,451.69,73.13999999999999,111.42000000000002,xml_geometry_csv_action
BootPass_49,106,16,16,Position_Unknown,Team_Unknown,Action_PreSnap,695.47,359.66,770.96,496.17,75.49000000000001,136.51,xml_geometry_csv_action
BootPass_49,106,17,17,Position_Unknown,Team_Unknown,Action_PreSnap,757.75,327.94,823.29,446.16,65.53999999999996,118.22000000000003,xml_geometry_csv_action
BootPass_49,106,18,18,Position_Unknown,Team_Unknown,Action_PreSnap,494.99,373.9,564.32,465.4,69.33000000000004,91.5,xml_geometry_csv_action
BootPass_49,106,19,19,Position_Unknown,Team_Unknown,Action_PreSnap,557.24,232.35,616.96,336.65,59.72000000000003,104.29999999999998,xml_geometry_csv_action
BootPass_49,106,2,2,Position_Unknown,Team_Unknown,Action_PreSnap,417.83,435.62,489.54,577.82,71.71000000000004,142.20000000000005,xml_geometry_csv_action
BootPass_49,106,20,20,Position_Unknown,Team_Unknown,Action_BootAway,122.05,423.56,189.46,543.73,67.41000000000001,120.17000000000002,xml_geometry_csv_action
BootPass_49,106,21,21,Position_Unknown,Team_Unknown,Action_PreSnap,564.61,277.06,619.21,362.27,54.60000000000002,85.20999999999998,xml_geometry_csv_action
BootPass_49,106,22,22,Position_Unknown,Team_Unknown,Action_PreSnap,528.55,362.46,603.25,452.06,74.70000000000005,89.60000000000002,xml_geometry_csv_action
BootPass_49,106,3,3,Position_Unknown,Team_Unknown,Action_PreSnap,1782.48,488.34,1842.53,609.89,60.049999999999955,121.55000000000001,xml_geometry_csv_action
BootPass_49,106,4,4,Position_Unknown,Team_Unknown,Action_PreSnap,603.01,237.41,670.34,344.49,67.33000000000004,107.08000000000001,xml_geometry_csv_action
BootPass_49,106,5,5,Position_Unknown,Team_Unknown,Action_PreSnap,608.19,447.54,681.04,597.18,72.84999999999991,149.63999999999993,xml_geometry_csv_action
BootPass_49,106,6,6,Position_Unknown,Team_Unknown,Action_PreSnap,761.67,506.76,825.61,651.73,63.940000000000055,144.97000000000003,xml_geometry_csv_action
BootPass_49,106,7,7,Position_Unknown,Team_Unknown,Action_PreSnap,1113.16,362.94,1171.21,469.43,58.049999999999955,106.49000000000001,xml_geometry_csv_action
BootPass_49,106,8,8,Position_Unknown,Team_Unknown,Action_PreSnap,529.59,458.05,616.75,611.48,87.15999999999997,153.43,xml_geometry_csv_action
BootPass_49,106,9,9,Position_Unknown,Team_Unknown,Action_PreSnap,858.11,300.45,916.75,408.61,58.639999999999986,108.16000000000003,xml_geometry_csv_action
BootPass_49,107,1,1,Position_Unknown,Team_Unknown,Action_PreSnap,1373.73,531.76,1481.81,666.59,108.07999999999993,134.83000000000004,xml_geometry_csv_action
BootPass_49,107,10,10,Position_Unknown,Team_Unknown,Action_PreSnap,1613.43,297.98,1685.45,408.42,72.01999999999998,110.44,xml_geometry_csv_action
BootPass_49,107,11,11,Position_Unknown,Team_Unknown,Action_PreSnap,927.65,396.36,993.56,501.16,65.90999999999997,104.80000000000001,xml_geometry_csv_action
BootPass_49,107,12,12,Position_Unknown,Team_Unknown,Action_PreSnap,393.27,284.82,451.32,418.19,58.05000000000001,133.37,xml_geometry_csv_action
BootPass_49,107,13,13,Position_Unknown,Team_Unknown,Action_PreSnap,1026.51,187.71,1081.75,298.33,55.24000000000001,110.61999999999998,xml_geometry_csv_action
BootPass_49,107,14,14,Position_Unknown,Team_Unknown,Action_PreSnap,1680.69,593.65,1748.71,737.94,68.01999999999998,144.29000000000008,xml_geometry_csv_action
BootPass_49,107,15,15,Position_Unknown,Team_Unknown,Action_PreSnap,578.3,340.08,652.24,447.81,73.94000000000005,107.73000000000002,xml_geometry_csv_action
BootPass_49,107,16,16,Position_Unknown,Team_Unknown,Action_PreSnap,694.34,359.47,771.91,495.12,77.56999999999994,135.64999999999998,xml_geometry_csv_action
BootPass_49,107,17,17,Position_Unknown,Team_Unknown,Action_PreSnap,759.17,328.44,825.35,445.6,66.18000000000006,117.16000000000003,xml_geometry_csv_action
BootPass_49,107,18,18,Position_Unknown,Team_Unknown,Action_PreSnap,500.48,373.49,564.33,466.29,63.85000000000002,92.80000000000001,xml_geometry_csv_action
BootPass_49,107,19,19,Position_Unknown,Team_Unknown,Action_PreSnap,558.3,233.77,617.1,343.45,58.80000000000007,109.67999999999998,xml_geometry_csv_action
BootPass_49,107,2,2,Position_Unknown,Team_Unknown,Action_PreSnap,419.63,437.06,492.1,577.05,72.47000000000003,139.98999999999995,xml_geometry_csv_action
BootPass_49,107,20,20,Position_Unknown,Team_Unknown,Action_BootAway,127.35,427.25,190.14,546.65,62.78999999999999,119.39999999999998,xml_geometry_csv_action
BootPass_49,107,21,21,Position_Unknown,Team_Unknown,Action_PreSnap,566.91,277.92,621.4,365.11,54.49000000000001,87.19,xml_geometry_csv_action
BootPass_49,107,22,22,Position_Unknown,Team_Unknown,Action_PreSnap,528.55,370.01,608.32,457.82,79.7700000000001,87.81,xml_geometry_csv_action
BootPass_49,107,23,23,Position_Unknown,Team_Unknown,Action_PreSnap,517.06,350.24,569.46,390.87,52.40000000000009,40.629999999999995,xml_geometry_csv_action
BootPass_49,107,3,3,Position_Unknown,Team_Unknown,Action_PreSnap,1772.75,488.62,1836.48,609.05,63.73000000000002,120.42999999999995,xml_geometry_csv_action
BootPass_49,107,4,4,Position_Unknown,Team_Unknown,Action_PreSnap,604.03,236.91,672.09,345.91,68.06000000000006,109.00000000000003,xml_geometry_csv_action
BootPass_49,107,5,5,Position_Unknown,Team_Unknown,Action_PreSnap,610.91,445.06,682.93,593.06,72.01999999999998,147.99999999999994,xml_geometry_csv_action
BootPass_49,107,6,6,Position_Unknown,Team_Unknown,Action_PreSnap,759.7,510.26,824.09,651.8,64.38999999999999,141.53999999999996,xml_geometry_csv_action
BootPass_49,107,7,7,Position_Unknown,Team_Unknown,Action_PreSnap,1118.09,369.33,1172.57,472.75,54.48000000000002,103.42000000000002,xml_geometry_csv_action
BootPass_49,107,8,8,Position_Unknown,Team_Unknown,Action_PreSnap,533.63,457.41,618.64,607.77,85.00999999999999,150.35999999999996,xml_geometry_csv_action
BootPass_49,107,9,9,Position_Unknown,Team_Unknown,Action_PreSnap,852.13,303.24,912.58,407.45,60.450000000000045,104.20999999999998,xml_geometry_csv_action
BootPass_49,108,1,1,Position_Unknown,Team_Unknown,Action_PreSnap,1385.13,529.76,1487.53,659.39,102.39999999999986,129.63,xml_geometry_csv_action
BootPass_49,108,10,10,Position_Unknown,Team_Unknown,Action_PreSnap,1614.14,302.86,1678.02,412.86,63.87999999999988,110.0,xml_geometry_csv_action
BootPass_49,108,11,11,Position_Unknown,Team_Unknown,Action_PreSnap,924.27,398.23,986.88,500.78,62.610000000000014,102.54999999999995,xml_geometry_csv_action
BootPass_49,108,12,12,Position_Unknown,Team_Unknown,Action_PreSnap,401.66,285.16,457.39,410.77,55.72999999999996,125.60999999999996,xml_geometry_csv_action
BootPass_49,108,13,13,Position_Unknown,Team_Unknown,Action_PreSnap,1028.29,192.71,1079.89,300.32,51.600000000000136,107.60999999999999,xml_geometry_csv_action
BootPass_49,108,14,14,Position_Unknown,Team_Unknown,Action_PreSnap,1676.23,589.07,1744.25,735.34,68.01999999999998,146.26999999999998,xml_geometry_csv_action
BootPass_49,108,15,15,Position_Unknown,Team_Unknown,Action_PreSnap,579.34,339.89,654.3,446.77,74.95999999999992,106.88,xml_geometry_csv_action
BootPass_49,108,16,16,Position_Unknown,Team_Unknown,Action_PreSnap,694.45,359.29,772.16,494.96,77.70999999999992,135.66999999999996,xml_geometry_csv_action
BootPass_49,108,17,17,Position_Unknown,Team_Unknown,Action_PreSnap,759.68,329.1,826.13,444.92,66.45000000000005,115.82,xml_geometry_csv_action
BootPass_49,108,18,18,Position_Unknown,Team_Unknown,Action_PreSnap,505.69,372.67,566.34,467.08,60.650000000000034,94.40999999999997,xml_geometry_csv_action
BootPass_49,108,19,19,Position_Unknown,Team_Unknown,Action_PreSnap,559.43,235.09,616.85,346.85,57.42000000000007,111.76000000000002,xml_geometry_csv_action
BootPass_49,108,2,2,Position_Unknown,Team_Unknown,Action_PreSnap,424.34,438.25,493.51,576.36,69.17000000000002,138.11,xml_geometry_csv_action
BootPass_49,108,20,20,Position_Unknown,Team_Unknown,Action_BootAway,132.56,430.42,191.31,545.73,58.75,115.31,xml_geometry_csv_action
BootPass_49,108,21,21,Position_Unknown,Team_Unknown,Action_PreSnap,570.45,278.33,622.98,364.05,52.52999999999997,85.72000000000003,xml_geometry_csv_action
BootPass_49,108,22,22,Position_Unknown,Team_Unknown,Action_PreSnap,524.5,374.1,609.09,458.26,84.59000000000003,84.15999999999997,xml_geometry_csv_action
BootPass_49,108,23,23,Position_Unknown,Team_Unknown,Action_PreSnap,498.08,357.98,567.4,426.79,69.32,68.81,xml_geometry_csv_action
BootPass_49,108,3,3,Position_Unknown,Team_Unknown,Action_PreSnap,1763.99,488.67,1830.17,610.43,66.18000000000006,121.75999999999993,xml_geometry_csv_action
BootPass_49,108,4,4,Position_Unknown,Team_Unknown,Action_PreSnap,605.55,237.28,672.01,346.99,66.46000000000004,109.71000000000001,xml_geometry_csv_action
BootPass_49,108,5,5,Position_Unknown,Team_Unknown,Action_PreSnap,615.11,444.17,683.13,586.56,68.01999999999998,142.38999999999993,xml_geometry_csv_action
BootPass_49,108,6,6,Position_Unknown,Team_Unknown,Action_PreSnap,755.26,514.2,821.35,651.64,66.09000000000003,137.43999999999994,xml_geometry_csv_action
BootPass_49,108,7,7,Position_Unknown,Team_Unknown,Action_PreSnap,1120.64,375.08,1173.92,477.81,53.27999999999997,102.73000000000002,xml_geometry_csv_action
BootPass_49,108,8,8,Position_Unknown,Team_Unknown,Action_PreSnap,540.83,453.81,625.82,603.11,84.99000000000001,149.3,xml_geometry_csv_action
BootPass_49,108,9,9,Position_Unknown,Team_Unknown,Action_PreSnap,851.47,306.2,908.89,405.29,57.41999999999996,99.09000000000003,xml_geometry_csv_action
BootPass_49,109,1,1,Position_Unknown,Team_Unknown,Action_PreSnap,1406.36,528.39,1492.7,654.9,86.34000000000015,126.50999999999999,xml_geometry_csv_action
BootPass_49,109,10,10,Position_Unknown,Team_Unknown,Action_PreSnap,1611.77,306.79,1668.65,414.67,56.88000000000011,107.88,xml_geometry_csv_action
BootPass_49,109,11,11,Position_Unknown,Team_Unknown,Action_PreSnap,921.95,398.64,982.07,505.68,60.120000000000005,107.04000000000002,xml_geometry_csv_action
BootPass_49,109,12,12,Position_Unknown,Team_Unknown,Action_PreSnap,410.87,285.52,464.03,409.26,53.15999999999997,123.74000000000001,xml_geometry_csv_action
BootPass_49,109,13,13,Position_Unknown,Team_Unknown,Action_PreSnap,1029.75,196.83,1079.61,302.88,49.8599999999999,106.04999999999998,xml_geometry_csv_action
BootPass_49,109,14,14,Position_Unknown,Team_Unknown,Action_PreSnap,1665.68,587.05,1741.64,730.97,75.96000000000004,143.92000000000007,xml_geometry_csv_action
BootPass_49,109,15,15,Position_Unknown,Team_Unknown,Action_PreSnap,581.48,336.53,657.02,449.26,75.53999999999996,112.73000000000002,xml_geometry_csv_action
BootPass_49,109,16,16,Position_Unknown,Team_Unknown,Action_PreSnap,696.54,357.32,773.8,494.9,77.25999999999999,137.57999999999998,xml_geometry_csv_action
BootPass_49,109,17,17,Position_Unknown,Team_Unknown,Action_PreSnap,761.48,328.77,825.93,445.89,64.44999999999993,117.12,xml_geometry_csv_action
BootPass_49,109,19,19,Position_Unknown,Team_Unknown,Action_PreSnap,567.1,236.47,616.83,312.83,49.73000000000002,76.35999999999999,xml_geometry_csv_action
BootPass_49,109,2,2,Position_Unknown,Team_Unknown,Action_PreSnap,431.16,440.27,495.16,575.49,64.0,135.22000000000003,xml_geometry_csv_action
BootPass_49,109,20,20,Position_Unknown,Team_Unknown,Action_BootAway,138.38,433.51,192.41,541.89,54.03,108.38,xml_geometry_csv_action
BootPass_49,109,21,21,Position_Unknown,Team_Unknown,Action_PreSnap,571.77,276.83,624.45,378.5,52.680000000000064,101.67000000000002,xml_geometry_csv_action
BootPass_49,109,22,22,Position_Unknown,Team_Unknown,Action_PreSnap,522.13,381.47,608.31,463.12,86.17999999999995,81.64999999999998,xml_geometry_csv_action
BootPass_49,109,23,23,Position_Unknown,Team_Unknown,Action_PreSnap,489.82,365.15,561.45,442.08,71.63000000000005,76.93,xml_geometry_csv_action
BootPass_49,109,3,3,Position_Unknown,Team_Unknown,Action_PreSnap,1757.11,489.13,1820.25,611.01,63.1400000000001,121.88,xml_geometry_csv_action
BootPass_49,109,4,4,Position_Unknown,Team_Unknown,Action_PreSnap,607.71,238.08,671.46,345.92,63.75,107.84,xml_geometry_csv_action
BootPass_49,109,5,5,Position_Unknown,Team_Unknown,Action_PreSnap,617.49,441.78,683.62,582.68,66.13,140.89999999999998,xml_geometry_csv_action
BootPass_49,109,6,6,Position_Unknown,Team_Unknown,Action_PreSnap,754.31,518.27,817.83,651.64,63.520000000000095,133.37,xml_geometry_csv_action
BootPass_49,109,7,7,Position_Unknown,Team_Unknown,Action_PreSnap,1122.15,380.29,1178.25,484.16,56.09999999999991,103.87,xml_geometry_csv_action
BootPass_49,109,8,8,Position_Unknown,Team_Unknown,Action_PreSnap,547.99,452.55,632.67,595.87,84.67999999999995,143.32,xml_geometry_csv_action
BootPass_49,109,9,9,Position_Unknown,Team_Unknown,Action_PreSnap,848.88,309.1,907.07,403.55,58.190000000000055,94.44999999999999,xml_geometry_csv_action
BootPass_49,110,1,1,Position_Unknown,Team_Unknown,Action_PreSnap,1424.37,527.28,1499.64,652.84,75.27000000000021,125.56000000000006,xml_geometry_csv_action
BootPass_49,110,10,10,Position_Unknown,Team_Unknown,Action_PreSnap,1607.74,310.42,1661.58,420.47,53.83999999999992,110.05000000000001,xml_geometry_csv_action
BootPass_49,110,11,11,Position_Unknown,Team_Unknown,Action_PreSnap,922.79,400.02,982.44,505.58,59.65000000000009,105.56,xml_geometry_csv_action
BootPass_49,110,12,12,Position_Unknown,Team_Unknown,Action_PreSnap,420.83,286.58,471.27,406.47,50.44,119.89000000000004,xml_geometry_csv_action
BootPass_49,110,13,13,Position_Unknown,Team_Unknown,Action_PreSnap,1030.36,202.53,1082.22,306.26,51.86000000000013,103.72999999999999,xml_geometry_csv_action
BootPass_49,110,14,14,Position_Unknown,Team_Unknown,Action_PreSnap,1655.69,585.08,1739.73,726.09,84.03999999999996,141.01,xml_geometry_csv_action
BootPass_49,110,15,15,Position_Unknown,Team_Unknown,Action_PreSnap,585.85,335.16,660.77,448.0,74.91999999999996,112.83999999999997,xml_geometry_csv_action
BootPass_49,110,16,16,Position_Unknown,Team_Unknown,Action_PreSnap,699.48,356.48,775.37,494.93,75.88999999999999,138.45,xml_geometry_csv_action
BootPass_49,110,17,17,Position_Unknown,Team_Unknown,Action_PreSnap,764.19,328.38,825.04,445.15,60.84999999999991,116.76999999999998,xml_geometry_csv_action
BootPass_49,110,19,19,Position_Unknown,Team_Unknown,Action_PreSnap,572.56,238.78,618.41,298.56,45.85000000000002,59.78,xml_geometry_csv_action
BootPass_49,110,2,2,Position_Unknown,Team_Unknown,Action_PreSnap,436.47,442.68,497.38,575.14,60.90999999999997,132.45999999999998,xml_geometry_csv_action
BootPass_49,110,20,20,Position_Unknown,Team_Unknown,Action_BootAway,137.72,437.31,195.87,552.13,58.150000000000006,114.82,xml_geometry_csv_action
BootPass_49,110,21,21,Position_Unknown,Team_Unknown,Action_PreSnap,575.3,277.17,627.12,383.51,51.82000000000005,106.33999999999997,xml_geometry_csv_action
BootPass_49,110,22,22,Position_Unknown,Team_Unknown,Action_PreSnap,522.13,386.79,609.42,465.11,87.28999999999996,78.32,xml_geometry_csv_action
BootPass_49,110,23,23,Position_Unknown,Team_Unknown,Action_PreSnap,490.61,371.7,561.2,447.91,70.59000000000003,76.21000000000004,xml_geometry_csv_action
BootPass_49,110,3,3,Position_Unknown,Team_Unknown,Action_PreSnap,1750.13,489.69,1811.66,611.45,61.52999999999997,121.76000000000005,xml_geometry_csv_action
BootPass_49,110,4,4,Position_Unknown,Team_Unknown,Action_PreSnap,609.67,239.38,673.42,344.34,63.75,104.95999999999998,xml_geometry_csv_action
BootPass_49,110,5,5,Position_Unknown,Team_Unknown,Action_PreSnap,622.03,442.09,685.15,579.78,63.120000000000005,137.69,xml_geometry_csv_action
BootPass_49,110,6,6,Position_Unknown,Team_Unknown,Action_PreSnap,755.51,521.75,816.31,651.86,60.799999999999955,130.11,xml_geometry_csv_action
BootPass_49,110,7,7,Position_Unknown,Team_Unknown,Action_PreSnap,1120.88,385.45,1183.77,493.2,62.88999999999987,107.75,xml_geometry_csv_action
BootPass_49,110,8,8,Position_Unknown,Team_Unknown,Action_PreSnap,552.2,452.22,639.24,589.72,87.03999999999996,137.5,xml_geometry_csv_action
BootPass_49,110,9,9,Position_Unknown,Team_Unknown,Action_PreSnap,848.33,312.15,905.37,403.21,57.039999999999964,91.06,xml_geometry_csv_action
BootPass_49,111,1,1,Position_Unknown,Team_Unknown,Action_PreSnap,1430.62,526.61,1506.28,649.61,75.66000000000008,123.0,xml_geometry_csv_action
BootPass_49,111,10,10,Position_Unknown,Team_Unknown,Action_PreSnap,1603.49,313.77,1657.2,424.71,53.710000000000036,110.94,xml_geometry_csv_action
BootPass_49,111,11,11,Position_Unknown,Team_Unknown,Action_PreSnap,927.94,401.41,985.3,505.5,57.3599999999999,104.08999999999997,xml_geometry_csv_action
BootPass_49,111,12,12,Position_Unknown,Team_Unknown,Action_PreSnap,429.74,286.91,477.37,405.61,47.629999999999995,118.69999999999999,xml_geometry_csv_action
BootPass_49,111,13,13,Position_Unknown,Team_Unknown,Action_PreSnap,1030.9,207.43,1089.42,308.46,58.51999999999998,101.02999999999997,xml_geometry_csv_action
BootPass_49,111,14,14,Position_Unknown,Team_Unknown,Action_PreSnap,1648.15,581.33,1739.28,721.06,91.12999999999988,139.7299999999999,xml_geometry_csv_action
BootPass_49,111,15,15,Position_Unknown,Team_Unknown,Action_PreSnap,592.06,335.05,663.65,448.66,71.59000000000003,113.61000000000001,xml_geometry_csv_action
BootPass_49,111,16,16,Position_Unknown,Team_Unknown,Action_PreSnap,704.15,356.6,777.5,493.5,73.35000000000002,136.89999999999998,xml_geometry_csv_action
BootPass_49,111,17,17,Position_Unknown,Team_Unknown,Action_PreSnap,766.52,327.55,825.94,445.93,59.42000000000007,118.38,xml_geometry_csv_action
BootPass_49,111,18,18,Position_Unknown,Team_Unknown,Action_PreSnap,506.55,379.19,586.62,446.75,80.07,67.56,xml_geometry_csv_action
BootPass_49,111,19,19,Position_Unknown,Team_Unknown,Action_PreSnap,577.34,239.74,622.11,295.91,44.76999999999998,56.170000000000016,xml_geometry_csv_action
BootPass_49,111,2,2,Position_Unknown,Team_Unknown,Action_PreSnap,442.16,445.09,501.32,570.84,59.15999999999997,125.75000000000006,xml_geometry_csv_action
BootPass_49,111,20,20,Position_Unknown,Team_Unknown,Action_BootAway,134.6,442.06,200.3,562.33,65.70000000000002,120.27000000000004,xml_geometry_csv_action
BootPass_49,111,21,21,Position_Unknown,Team_Unknown,Action_PreSnap,579.9,277.63,630.12,366.62,50.22000000000003,88.99000000000001,xml_geometry_csv_action
BootPass_49,111,22,22,Position_Unknown,Team_Unknown,Action_PreSnap,512.37,386.18,597.88,468.95,85.50999999999999,82.76999999999998,xml_geometry_csv_action
BootPass_49,111,3,3,Position_Unknown,Team_Unknown,Action_PreSnap,1743.75,490.47,1805.58,611.31,61.82999999999993,120.83999999999992,xml_geometry_csv_action
BootPass_49,111,4,4,Position_Unknown,Team_Unknown,Action_PreSnap,612.33,238.28,676.62,342.98,64.28999999999996,104.70000000000002,xml_geometry_csv_action
BootPass_49,111,5,5,Position_Unknown,Team_Unknown,Action_PreSnap,626.54,441.55,688.32,576.81,61.780000000000086,135.25999999999993,xml_geometry_csv_action
BootPass_49,111,6,6,Position_Unknown,Team_Unknown,Action_PreSnap,757.29,524.51,816.6,651.34,59.31000000000006,126.83000000000004,xml_geometry_csv_action
BootPass_49,111,7,7,Position_Unknown,Team_Unknown,Action_PreSnap,1126.07,391.23,1188.05,498.76,61.98000000000002,107.52999999999997,xml_geometry_csv_action
BootPass_49,111,8,8,Position_Unknown,Team_Unknown,Action_PreSnap,558.54,452.47,642.95,585.35,84.41000000000008,132.88,xml_geometry_csv_action
BootPass_49,111,9,9,Position_Unknown,Team_Unknown,Action_PreSnap,849.47,314.73,903.04,405.03,53.569999999999936,90.29999999999995,xml_geometry_csv_action
BootPass_49,112,1,1,Position_Unknown,Team_Unknown,Action_PreSnap,1431.82,526.15,1514.37,645.43,82.54999999999995,119.27999999999997,xml_geometry_csv_action
BootPass_49,112,10,10,Position_Unknown,Team_Unknown,Action_PreSnap,1601.81,317.07,1654.1,428.76,52.289999999999964,111.69,xml_geometry_csv_action
BootPass_49,112,11,11,Position_Unknown,Team_Unknown,Action_PreSnap,931.88,402.22,987.55,503.26,55.66999999999996,101.03999999999996,xml_geometry_csv_action
BootPass_49,112,12,12,Position_Unknown,Team_Unknown,Action_PreSnap,438.12,286.35,485.11,404.98,46.99000000000001,118.63,xml_geometry_csv_action
BootPass_49,112,13,13,Position_Unknown,Team_Unknown,Action_PreSnap,1031.19,212.3,1096.22,311.56,65.02999999999997,99.25999999999999,xml_geometry_csv_action
BootPass_49,112,14,14,Position_Unknown,Team_Unknown,Action_PreSnap,1646.63,577.53,1738.06,707.87,91.42999999999984,130.34000000000003,xml_geometry_csv_action
BootPass_49,112,15,15,Position_Unknown,Team_Unknown,Action_PreSnap,598.62,332.67,664.99,447.98,66.37,115.31,xml_geometry_csv_action
BootPass_49,112,16,16,Position_Unknown,Team_Unknown,Action_PreSnap,707.64,357.65,779.13,492.05,71.49000000000001,134.40000000000003,xml_geometry_csv_action
BootPass_49,112,17,17,Position_Unknown,Team_Unknown,Action_PreSnap,768.06,326.87,827.47,444.61,59.41000000000008,117.74000000000001,xml_geometry_csv_action
BootPass_49,112,18,18,Position_Unknown,Team_Unknown,Action_PreSnap,506.97,383.0,599.95,446.45,92.98000000000002,63.44999999999999,xml_geometry_csv_action
BootPass_49,112,19,19,Position_Unknown,Team_Unknown,Action_PreSnap,581.19,242.92,624.93,296.01,43.739999999999895,53.09,xml_geometry_csv_action
BootPass_49,112,2,2,Position_Unknown,Team_Unknown,Action_PreSnap,446.38,447.69,505.14,568.52,58.75999999999999,120.82999999999998,xml_geometry_csv_action
BootPass_49,112,20,20,Position_Unknown,Team_Unknown,Action_BootAway,138.21,447.86,205.42,564.9,67.20999999999998,117.03999999999996,xml_geometry_csv_action
BootPass_49,112,21,21,Position_Unknown,Team_Unknown,Action_PreSnap,583.82,278.93,633.69,389.36,49.870000000000005,110.43,xml_geometry_csv_action
BootPass_49,112,22,22,Position_Unknown,Team_Unknown,Action_PreSnap,509.51,387.18,602.35,469.89,92.84000000000003,82.70999999999998,xml_geometry_csv_action
BootPass_49,112,3,3,Position_Unknown,Team_Unknown,Action_PreSnap,1739.68,490.59,1800.74,609.39,61.059999999999945,118.80000000000001,xml_geometry_csv_action
BootPass_49,112,4,4,Position_Unknown,Team_Unknown,Action_PreSnap,615.68,241.1,680.1,342.38,64.42000000000007,101.28,xml_geometry_csv_action
BootPass_49,112,5,5,Position_Unknown,Team_Unknown,Action_PreSnap,632.87,442.12,692.24,574.69,59.370000000000005,132.57000000000005,xml_geometry_csv_action
BootPass_49,112,6,6,Position_Unknown,Team_Unknown,Action_PreSnap,758.98,526.48,815.88,650.91,56.89999999999998,124.42999999999995,xml_geometry_csv_action
BootPass_49,112,7,7,Position_Unknown,Team_Unknown,Action_PreSnap,1129.4,396.65,1191.18,503.87,61.77999999999997,107.22000000000003,xml_geometry_csv_action
BootPass_49,112,8,8,Position_Unknown,Team_Unknown,Action_PreSnap,565.88,452.04,647.4,582.46,81.51999999999998,130.42000000000002,xml_geometry_csv_action
BootPass_49,112,9,9,Position_Unknown,Team_Unknown,Action_PreSnap,848.72,316.1,901.73,408.77,53.00999999999999,92.66999999999996,xml_geometry_csv_action
BootPass_49,113,1,1,Position_Unknown,Team_Unknown,Action_PreSnap,1433.72,525.14,1522.43,637.63,88.71000000000004,112.49000000000001,xml_geometry_csv_action
BootPass_49,113,10,10,Position_Unknown,Team_Unknown,Action_PreSnap,1601.89,321.24,1650.29,432.29,48.399999999999864,111.05000000000001,xml_geometry_csv_action
BootPass_49,113,11,11,Position_Unknown,Team_Unknown,Action_PreSnap,936.43,403.21,990.58,500.74,54.15000000000009,97.53000000000003,xml_geometry_csv_action
BootPass_49,113,12,12,Position_Unknown,Team_Unknown,Action_PreSnap,445.51,285.92,492.47,405.43,46.960000000000036,119.50999999999999,xml_geometry_csv_action
BootPass_49,113,13,13,Position_Unknown,Team_Unknown,Action_PreSnap,1030.41,215.16,1100.99,314.63,70.57999999999993,99.47,xml_geometry_csv_action
BootPass_49,113,14,14,Position_Unknown,Team_Unknown,Action_PreSnap,1646.68,573.87,1735.08,700.42,88.39999999999986,126.54999999999995,xml_geometry_csv_action
BootPass_49,113,15,15,Position_Unknown,Team_Unknown,Action_PreSnap,603.51,331.27,666.67,447.95,63.15999999999997,116.68,xml_geometry_csv_action
BootPass_49,113,16,16,Position_Unknown,Team_Unknown,Action_PreSnap,710.51,358.1,779.4,490.91,68.88999999999999,132.81,xml_geometry_csv_action
BootPass_49,113,17,17,Position_Unknown,Team_Unknown,Action_PreSnap,768.6,326.36,828.7,443.45,60.10000000000002,117.08999999999997,xml_geometry_csv_action
BootPass_49,113,18,18,Position_Unknown,Team_Unknown,Action_PreSnap,508.75,386.89,609.98,462.11,101.23000000000002,75.22000000000003,xml_geometry_csv_action
BootPass_49,113,19,19,Position_Unknown,Team_Unknown,Action_PreSnap,585.18,244.51,626.73,298.56,41.55000000000007,54.05000000000001,xml_geometry_csv_action
BootPass_49,113,2,2,Position_Unknown,Team_Unknown,Action_PreSnap,446.46,450.28,508.71,566.17,62.25,115.88999999999999,xml_geometry_csv_action
BootPass_49,113,20,20,Position_Unknown,Team_Unknown,Action_BootAway,146.7,452.91,211.05,566.77,64.35000000000002,113.85999999999996,xml_geometry_csv_action
BootPass_49,113,21,21,Position_Unknown,Team_Unknown,Action_PreSnap,587.34,279.87,637.68,395.63,50.33999999999992,115.75999999999999,xml_geometry_csv_action
BootPass_49,113,22,22,Position_Unknown,Team_Unknown,Action_PreSnap,506.78,388.51,609.97,455.1,103.19000000000005,66.59000000000003,xml_geometry_csv_action
BootPass_49,113,3,3,Position_Unknown,Team_Unknown,Action_PreSnap,1735.69,491.56,1796.14,606.55,60.450000000000045,114.98999999999995,xml_geometry_csv_action
BootPass_49,113,4,4,Position_Unknown,Team_Unknown,Action_PreSnap,617.82,242.8,682.8,341.77,64.9799999999999,98.96999999999997,xml_geometry_csv_action
BootPass_49,113,5,5,Position_Unknown,Team_Unknown,Action_PreSnap,637.1,441.63,695.03,572.6,57.92999999999995,130.97000000000003,xml_geometry_csv_action
BootPass_49,113,6,6,Position_Unknown,Team_Unknown,Action_PreSnap,761.26,527.29,815.52,650.05,54.25999999999999,122.75999999999999,xml_geometry_csv_action
BootPass_49,113,7,7,Position_Unknown,Team_Unknown,Action_PreSnap,1133.12,403.11,1191.07,506.81,57.950000000000045,103.69999999999999,xml_geometry_csv_action
BootPass_49,113,8,8,Position_Unknown,Team_Unknown,Action_PreSnap,572.64,452.69,652.16,580.52,79.51999999999998,127.82999999999998,xml_geometry_csv_action
BootPass_49,113,9,9,Position_Unknown,Team_Unknown,Action_PreSnap,848.98,316.67,901.27,410.28,52.289999999999964,93.60999999999996,xml_geometry_csv_action
BootPass_49,114,1,1,Position_Unknown,Team_Unknown,Action_PreSnap,1440.21,524.32,1532.18,635.41,91.97000000000003,111.08999999999992,xml_geometry_csv_action
BootPass_49,114,10,10,Position_Unknown,Team_Unknown,Action_PreSnap,1600.21,325.75,1645.16,434.75,44.950000000000045,109.0,xml_geometry_csv_action
BootPass_49,114,11,11,Position_Unknown,Team_Unknown,Action_PreSnap,941.59,403.97,996.12,499.68,54.52999999999997,95.70999999999998,xml_geometry_csv_action
BootPass_49,114,12,12,Position_Unknown,Team_Unknown,Action_PreSnap,452.84,285.68,499.53,405.33,46.69,119.64999999999998,xml_geometry_csv_action
BootPass_49,114,13,13,Position_Unknown,Team_Unknown,Action_PreSnap,1031.5,218.21,1102.81,316.92,71.30999999999995,98.71000000000001,xml_geometry_csv_action
BootPass_49,114,14,14,Position_Unknown,Team_Unknown,Action_PreSnap,1663.2,569.78,1732.04,693.46,68.83999999999992,123.68000000000006,xml_geometry_csv_action
BootPass_49,114,15,15,Position_Unknown,Team_Unknown,Action_PreSnap,608.88,332.91,669.39,446.74,60.50999999999999,113.82999999999998,xml_geometry_csv_action
BootPass_49,114,16,16,Position_Unknown,Team_Unknown,Action_PreSnap,713.52,357.97,778.23,487.63,64.71000000000004,129.65999999999997,xml_geometry_csv_action
BootPass_49,114,17,17,Position_Unknown,Team_Unknown,Action_PreSnap,769.77,326.32,828.95,440.0,59.180000000000064,113.68,xml_geometry_csv_action
BootPass_49,114,18,18,Position_Unknown,Team_Unknown,Action_PreSnap,508.89,388.76,615.74,451.99,106.85000000000002,63.23000000000002,xml_geometry_csv_action
BootPass_49,114,19,19,Position_Unknown,Team_Unknown,Action_PreSnap,590.18,246.21,632.23,298.19,42.05000000000007,51.97999999999999,xml_geometry_csv_action
BootPass_49,114,2,2,Position_Unknown,Team_Unknown,Action_PreSnap,446.92,452.5,512.86,565.03,65.94,112.52999999999997,xml_geometry_csv_action
BootPass_49,114,20,20,Position_Unknown,Team_Unknown,Action_BootAway,153.35,457.51,214.97,565.85,61.620000000000005,108.34000000000003,xml_geometry_csv_action
BootPass_49,114,21,21,Position_Unknown,Team_Unknown,Action_PreSnap,591.72,280.01,640.87,398.25,49.14999999999998,118.24000000000001,xml_geometry_csv_action
BootPass_49,114,22,22,Position_Unknown,Team_Unknown,Action_PreSnap,512.43,390.42,617.55,463.54,105.12,73.12,xml_geometry_csv_action
BootPass_49,114,3,3,Position_Unknown,Team_Unknown,Action_PreSnap,1730.78,492.49,1791.9,604.72,61.12000000000012,112.23000000000002,xml_geometry_csv_action
BootPass_49,114,4,4,Position_Unknown,Team_Unknown,Action_PreSnap,621.6,244.75,686.08,341.49,64.48000000000002,96.74000000000001,xml_geometry_csv_action
BootPass_49,114,5,5,Position_Unknown,Team_Unknown,Action_PreSnap,641.38,440.87,698.58,571.29,57.200000000000045,130.41999999999996,xml_geometry_csv_action
BootPass_49,114,6,6,Position_Unknown,Team_Unknown,Action_PreSnap,762.65,527.55,816.52,649.24,53.870000000000005,121.69000000000005,xml_geometry_csv_action
BootPass_49,114,7,7,Position_Unknown,Team_Unknown,Action_PreSnap,1137.6,409.35,1191.47,510.27,53.87000000000012,100.91999999999996,xml_geometry_csv_action
BootPass_49,114,8,8,Position_Unknown,Team_Unknown,Action_PreSnap,580.7,454.03,655.78,578.66,75.07999999999993,124.63,xml_geometry_csv_action
BootPass_49,114,9,9,Position_Unknown,Team_Unknown,Action_PreSnap,853.63,317.4,902.81,408.38,49.17999999999995,90.98000000000002,xml_geometry_csv_action
BootPass_49,115,1,1,Position_Unknown,Team_Unknown,Action_PreSnap,1455.02,523.86,1537.14,628.72,82.12000000000012,104.86000000000001,xml_geometry_csv_action
BootPass_49,115,10,10,Position_Unknown,Team_Unknown,Action_PreSnap,1596.93,330.27,1641.44,435.32,44.50999999999999,105.05000000000001,xml_geometry_csv_action
BootPass_49,115,11,11,Position_Unknown,Team_Unknown,Action_PreSnap,944.38,404.72,1000.23,499.4,55.85000000000002,94.67999999999995,xml_geometry_csv_action
BootPass_49,115,12,12,Position_Unknown,Team_Unknown,Action_PreSnap,459.64,285.72,505.96,401.89,46.31999999999999,116.16999999999996,xml_geometry_csv_action
BootPass_49,115,13,13,Position_Unknown,Team_Unknown,Action_PreSnap,1032.55,221.02,1102.82,318.87,70.26999999999998,97.85,xml_geometry_csv_action
BootPass_49,115,14,14,Position_Unknown,Team_Unknown,Action_PreSnap,1669.02,566.53,1728.28,685.93,59.25999999999999,119.39999999999998,xml_geometry_csv_action
BootPass_49,115,15,15,Position_Unknown,Team_Unknown,Action_PreSnap,612.99,333.63,671.71,442.56,58.72000000000003,108.93,xml_geometry_csv_action
BootPass_49,115,16,16,Position_Unknown,Team_Unknown,Action_PreSnap,716.67,357.61,777.09,484.9,60.42000000000007,127.28999999999996,xml_geometry_csv_action
BootPass_49,115,17,17,Position_Unknown,Team_Unknown,Action_PreSnap,770.93,326.77,829.14,436.41,58.210000000000036,109.64000000000004,xml_geometry_csv_action
BootPass_49,115,18,18,Position_Unknown,Team_Unknown,Action_PreSnap,511.71,390.25,623.52,454.38,111.81,64.13,xml_geometry_csv_action
BootPass_49,115,19,19,Position_Unknown,Team_Unknown,Action_PreSnap,594.62,247.27,637.25,298.78,42.629999999999995,51.50999999999996,xml_geometry_csv_action
BootPass_49,115,2,2,Position_Unknown,Team_Unknown,Action_PreSnap,448.17,455.76,514.89,564.9,66.71999999999997,109.13999999999999,xml_geometry_csv_action
BootPass_49,115,20,20,Position_Unknown,Team_Unknown,Action_BootAway,153.08,460.68,219.94,569.07,66.85999999999999,108.39000000000004,xml_geometry_csv_action
BootPass_49,115,21,21,Position_Unknown,Team_Unknown,Action_PreSnap,594.15,279.92,643.4,397.84,49.25,117.91999999999996,xml_geometry_csv_action
BootPass_49,115,3,3,Position_Unknown,Team_Unknown,Action_PreSnap,1726.52,493.11,1787.48,600.11,60.960000000000036,107.0,xml_geometry_csv_action
BootPass_49,115,4,4,Position_Unknown,Team_Unknown,Action_PreSnap,625.72,245.19,689.67,339.7,63.94999999999993,94.50999999999999,xml_geometry_csv_action
BootPass_49,115,5,5,Position_Unknown,Team_Unknown,Action_PreSnap,644.37,440.59,701.52,567.19,57.14999999999998,126.60000000000008,xml_geometry_csv_action
BootPass_49,115,6,6,Position_Unknown,Team_Unknown,Action_PreSnap,762.8,527.4,818.24,647.3,55.440000000000055,119.89999999999998,xml_geometry_csv_action
BootPass_49,115,7,7,Position_Unknown,Team_Unknown,Action_PreSnap,1141.16,414.88,1190.26,512.75,49.09999999999991,97.87,xml_geometry_csv_action
BootPass_49,115,8,8,Position_Unknown,Team_Unknown,Action_PreSnap,591.25,453.97,658.42,577.07,67.16999999999996,123.10000000000002,xml_geometry_csv_action
BootPass_49,115,9,9,Position_Unknown,Team_Unknown,Action_PreSnap,858.82,317.61,904.71,406.13,45.889999999999986,88.51999999999998,xml_geometry_csv_action
BootPass_49,116,1,1,Position_Unknown,Team_Unknown,Action_PreSnap,1467.38,524.1,1541.44,626.38,74.05999999999995,102.27999999999997,xml_geometry_csv_action
BootPass_49,116,10,10,Position_Unknown,Team_Unknown,Action_PreSnap,1591.55,334.05,1638.5,436.06,46.950000000000045,102.00999999999999,xml_geometry_csv_action
BootPass_49,116,11,11,Position_Unknown,Team_Unknown,Action_PreSnap,946.22,405.0,1003.29,499.83,57.069999999999936,94.82999999999998,xml_geometry_csv_action
BootPass_49,116,12,12,Position_Unknown,Team_Unknown,Action_PreSnap,466.64,285.6,512.0,393.38,45.360000000000014,107.77999999999997,xml_geometry_csv_action
BootPass_49,116,13,13,Position_Unknown,Team_Unknown,Action_PreSnap,1035.61,223.33,1102.26,320.68,66.65000000000009,97.35,xml_geometry_csv_action
BootPass_49,116,14,14,Position_Unknown,Team_Unknown,Action_PreSnap,1664.25,563.72,1723.42,680.04,59.17000000000007,116.31999999999994,xml_geometry_csv_action
BootPass_49,116,15,15,Position_Unknown,Team_Unknown,Action_PreSnap,616.12,334.37,674.28,441.98,58.15999999999997,107.61000000000001,xml_geometry_csv_action
BootPass_49,116,16,16,Position_Unknown,Team_Unknown,Action_PreSnap,718.89,357.18,774.29,480.54,55.39999999999998,123.36000000000001,xml_geometry_csv_action
BootPass_49,116,17,17,Position_Unknown,Team_Unknown,Action_PreSnap,770.29,327.55,829.46,434.49,59.17000000000007,106.94,xml_geometry_csv_action
BootPass_49,116,18,18,Position_Unknown,Team_Unknown,Action_PreSnap,511.67,391.32,626.92,449.61,115.24999999999994,58.29000000000002,xml_geometry_csv_action
BootPass_49,116,19,19,Position_Unknown,Team_Unknown,Action_PreSnap,598.16,247.92,640.87,300.69,42.710000000000036,52.77000000000001,xml_geometry_csv_action
BootPass_49,116,2,2,Position_Unknown,Team_Unknown,Action_PreSnap,449.47,457.91,517.03,566.12,67.55999999999995,108.20999999999998,xml_geometry_csv_action
BootPass_49,116,20,20,Position_Unknown,Team_Unknown,Action_BootAway,158.67,463.11,224.55,569.67,65.88000000000002,106.55999999999995,xml_geometry_csv_action
BootPass_49,116,21,21,Position_Unknown,Team_Unknown,Action_PreSnap,598.26,280.55,647.22,395.95,48.960000000000036,115.39999999999998,xml_geometry_csv_action
BootPass_49,116,3,3,Position_Unknown,Team_Unknown,Action_PreSnap,1722.46,493.11,1782.34,597.02,59.87999999999988,103.90999999999997,xml_geometry_csv_action
BootPass_49,116,4,4,Position_Unknown,Team_Unknown,Action_PreSnap,628.03,245.68,692.01,337.41,63.98000000000002,91.73000000000002,xml_geometry_csv_action
BootPass_49,116,5,5,Position_Unknown,Team_Unknown,Action_PreSnap,647.74,439.88,704.12,561.54,56.379999999999995,121.65999999999997,xml_geometry_csv_action
BootPass_49,116,6,6,Position_Unknown,Team_Unknown,Action_PreSnap,762.59,528.12,820.22,645.76,57.629999999999995,117.63999999999999,xml_geometry_csv_action
BootPass_49,116,7,7,Position_Unknown,Team_Unknown,Action_PreSnap,1143.64,419.42,1187.98,514.76,44.33999999999992,95.33999999999997,xml_geometry_csv_action
BootPass_49,116,8,8,Position_Unknown,Team_Unknown,Action_PreSnap,600.62,452.8,660.94,575.48,60.32000000000005,122.68,xml_geometry_csv_action
BootPass_49,116,9,9,Position_Unknown,Team_Unknown,Action_PreSnap,862.49,317.33,906.61,407.32,44.120000000000005,89.99000000000001,xml_geometry_csv_action
BootPass_49,117,1,1,Position_Unknown,Team_Unknown,Action_PreSnap,1478.22,523.75,1547.75,628.76,69.52999999999997,105.00999999999999,xml_geometry_csv_action
BootPass_49,117,10,10,Position_Unknown,Team_Unknown,Action_PreSnap,1583.57,337.17,1635.73,437.74,52.16000000000008,100.57,xml_geometry_csv_action
BootPass_49,117,11,11,Position_Unknown,Team_Unknown,Action_PreSnap,947.03,404.69,1005.0,504.09,57.97000000000003,99.39999999999998,xml_geometry_csv_action
BootPass_49,117,12,12,Position_Unknown,Team_Unknown,Action_PreSnap,470.63,285.74,517.87,392.9,47.24000000000001,107.15999999999997,xml_geometry_csv_action
BootPass_49,117,13,13,Position_Unknown,Team_Unknown,Action_PreSnap,1039.36,225.75,1100.47,323.48,61.11000000000013,97.73000000000002,xml_geometry_csv_action
BootPass_49,117,14,14,Position_Unknown,Team_Unknown,Action_PreSnap,1657.94,561.56,1718.57,675.14,60.62999999999988,113.58000000000004,xml_geometry_csv_action
BootPass_49,117,15,15,Position_Unknown,Team_Unknown,Action_PreSnap,619.4,335.91,676.6,438.84,57.200000000000045,102.92999999999995,xml_geometry_csv_action
BootPass_49,117,16,16,Position_Unknown,Team_Unknown,Action_PreSnap,719.68,356.63,771.45,479.84,51.770000000000095,123.20999999999998,xml_geometry_csv_action
BootPass_49,117,17,17,Position_Unknown,Team_Unknown,Action_PreSnap,769.5,327.97,829.04,430.83,59.539999999999964,102.85999999999996,xml_geometry_csv_action
BootPass_49,117,18,18,Position_Unknown,Team_Unknown,Action_PreSnap,513.3,391.87,628.1,446.09,114.80000000000007,54.21999999999997,xml_geometry_csv_action
BootPass_49,117,19,19,Position_Unknown,Team_Unknown,Action_PreSnap,601.04,248.55,643.98,301.66,42.940000000000055,53.110000000000014,xml_geometry_csv_action
BootPass_49,117,2,2,Position_Unknown,Team_Unknown,Action_PreSnap,452.69,458.55,518.05,566.84,65.35999999999996,108.29000000000002,xml_geometry_csv_action
BootPass_49,117,20,20,Position_Unknown,Team_Unknown,Action_BootAway,165.71,465.03,228.64,571.13,62.92999999999998,106.10000000000002,xml_geometry_csv_action
BootPass_49,117,21,21,Position_Unknown,Team_Unknown,Action_PreSnap,602.15,280.49,649.48,396.12,47.33000000000004,115.63,xml_geometry_csv_action
BootPass_49,117,3,3,Position_Unknown,Team_Unknown,Action_PreSnap,1718.81,492.69,1778.2,593.56,59.3900000000001,100.86999999999995,xml_geometry_csv_action
BootPass_49,117,4,4,Position_Unknown,Team_Unknown,Action_PreSnap,630.43,246.78,693.25,336.69,62.82000000000005,89.91,xml_geometry_csv_action
BootPass_49,117,5,5,Position_Unknown,Team_Unknown,Action_PreSnap,650.17,438.87,708.94,555.52,58.770000000000095,116.64999999999998,xml_geometry_csv_action
BootPass_49,117,6,6,Position_Unknown,Team_Unknown,Action_PreSnap,763.23,529.08,822.85,644.69,59.620000000000005,115.61000000000001,xml_geometry_csv_action
BootPass_49,117,7,7,Position_Unknown,Team_Unknown,Action_PreSnap,1143.53,422.91,1187.84,524.37,44.309999999999945,101.45999999999998,xml_geometry_csv_action
BootPass_49,117,8,8,Position_Unknown,Team_Unknown,Action_PreSnap,608.21,451.34,662.93,574.27,54.719999999999914,122.93,xml_geometry_csv_action
BootPass_49,117,9,9,Position_Unknown,Team_Unknown,Action_PreSnap,864.04,317.26,908.32,410.62,44.280000000000086,93.36000000000001,xml_geometry_csv_action
BootPass_49,118,1,1,Position_Unknown,Team_Unknown,Action_PreSnap,1483.14,524.57,1554.37,623.5,71.22999999999979,98.92999999999995,xml_geometry_csv_action
BootPass_49,118,10,10,Position_Unknown,Team_Unknown,Action_PreSnap,1575.25,339.65,1635.75,438.3,60.5,98.65000000000003,xml_geometry_csv_action
BootPass_49,118,11,11,Position_Unknown,Team_Unknown,Action_PreSnap,949.01,404.55,1011.34,503.53,62.33000000000004,98.97999999999996,xml_geometry_csv_action
BootPass_49,118,12,12,Position_Unknown,Team_Unknown,Action_PreSnap,476.2,285.79,522.12,391.72,45.920000000000016,105.93,xml_geometry_csv_action
BootPass_49,118,13,13,Position_Unknown,Team_Unknown,Action_PreSnap,1045.53,228.68,1099.45,324.41,53.92000000000007,95.73000000000002,xml_geometry_csv_action
BootPass_49,118,14,14,Position_Unknown,Team_Unknown,Action_PreSnap,1651.92,559.47,1714.26,669.32,62.33999999999992,109.85000000000002,xml_geometry_csv_action
BootPass_49,118,15,15,Position_Unknown,Team_Unknown,Action_PreSnap,621.47,336.18,678.73,437.01,57.25999999999999,100.82999999999998,xml_geometry_csv_action
BootPass_49,118,16,16,Position_Unknown,Team_Unknown,Action_PreSnap,719.77,355.26,769.61,478.4,49.84000000000003,123.13999999999999,xml_geometry_csv_action
BootPass_49,118,17,17,Position_Unknown,Team_Unknown,Action_PreSnap,771.5,327.79,828.98,426.44,57.48000000000002,98.64999999999998,xml_geometry_csv_action
BootPass_49,118,18,18,Position_Unknown,Team_Unknown,Action_PreSnap,518.84,392.13,627.03,446.96,108.18999999999994,54.829999999999984,xml_geometry_csv_action
BootPass_49,118,2,2,Position_Unknown,Team_Unknown,Action_PreSnap,457.54,458.47,518.69,567.55,61.150000000000034,109.07999999999993,xml_geometry_csv_action
BootPass_49,118,20,20,Position_Unknown,Team_Unknown,Action_BootAway,169.52,466.14,233.7,576.61,64.17999999999998,110.47000000000003,xml_geometry_csv_action
BootPass_49,118,21,21,Position_Unknown,Team_Unknown,Action_PreSnap,604.75,280.7,650.66,396.45,45.90999999999997,115.75,xml_geometry_csv_action
BootPass_49,118,3,3,Position_Unknown,Team_Unknown,Action_PreSnap,1711.77,491.3,1772.68,587.08,60.91000000000008,95.78000000000003,xml_geometry_csv_action
BootPass_49,118,4,4,Position_Unknown,Team_Unknown,Action_PreSnap,632.66,248.42,690.91,337.09,58.25,88.66999999999999,xml_geometry_csv_action
BootPass_49,118,5,5,Position_Unknown,Team_Unknown,Action_PreSnap,652.42,437.2,714.15,549.33,61.73000000000002,112.13000000000005,xml_geometry_csv_action
BootPass_49,118,6,6,Position_Unknown,Team_Unknown,Action_PreSnap,768.68,530.54,824.98,642.58,56.30000000000007,112.04000000000008,xml_geometry_csv_action
BootPass_49,118,7,7,Position_Unknown,Team_Unknown,Action_PreSnap,1143.56,428.05,1188.16,531.49,44.600000000000136,103.44,xml_geometry_csv_action
BootPass_49,118,8,8,Position_Unknown,Team_Unknown,Action_PreSnap,613.8,448.05,663.86,572.76,50.06000000000006,124.70999999999998,xml_geometry_csv_action
BootPass_49,118,9,9,Position_Unknown,Team_Unknown,Action_PreSnap,865.33,317.75,908.97,412.07,43.639999999999986,94.32,xml_geometry_csv_action
BootPass_49,119,1,1,Position_Unknown,Team_Unknown,Action_PreSnap,1479.44,523.14,1561.34,623.4,81.89999999999986,100.25999999999999,xml_geometry_csv_action
BootPass_49,119,10,10,Position_Unknown,Team_Unknown,Action_PreSnap,1566.54,341.29,1634.74,440.37,68.20000000000005,99.07999999999998,xml_geometry_csv_action
BootPass_49,119,11,11,Position_Unknown,Team_Unknown,Action_PreSnap,948.89,404.61,1014.86,503.34,65.97000000000003,98.72999999999996,xml_geometry_csv_action
BootPass_49,119,12,12,Position_Unknown,Team_Unknown,Action_PreSnap,480.6,285.73,527.0,390.3,46.39999999999998,104.57,xml_geometry_csv_action
BootPass_49,119,13,13,Position_Unknown,Team_Unknown,Action_PreSnap,1049.1,232.14,1098.05,325.66,48.950000000000045,93.52000000000004,xml_geometry_csv_action
BootPass_49,119,14,14,Position_Unknown,Team_Unknown,Action_PreSnap,1646.17,557.47,1710.38,661.81,64.21000000000004,104.33999999999992,xml_geometry_csv_action
BootPass_49,119,15,15,Position_Unknown,Team_Unknown,Action_PreSnap,620.89,336.36,680.96,439.42,60.07000000000005,103.06,xml_geometry_csv_action
BootPass_49,119,16,16,Position_Unknown,Team_Unknown,Action_PreSnap,719.93,354.58,768.97,477.64,49.04000000000008,123.06,xml_geometry_csv_action
BootPass_49,119,17,17,Position_Unknown,Team_Unknown,Action_PreSnap,773.89,328.1,829.15,424.62,55.25999999999999,96.51999999999998,xml_geometry_csv_action
BootPass_49,119,18,18,Position_Unknown,Team_Unknown,Action_PreSnap,523.2,392.63,627.81,449.36,104.6099999999999,56.73000000000002,xml_geometry_csv_action
BootPass_49,119,19,19,Position_Unknown,Team_Unknown,Action_PreSnap,604.54,252.68,648.13,335.62,43.59000000000003,82.94,xml_geometry_csv_action
BootPass_49,119,2,2,Position_Unknown,Team_Unknown,Action_PreSnap,462.89,458.86,520.75,569.21,57.860000000000014,110.35000000000002,xml_geometry_csv_action
BootPass_49,119,20,20,Position_Unknown,Team_Unknown,Action_BootAway,175.31,468.26,239.27,581.29,63.96000000000001,113.02999999999997,xml_geometry_csv_action
BootPass_49,119,21,21,Position_Unknown,Team_Unknown,Action_PreSnap,607.37,281.27,652.55,394.83,45.17999999999995,113.56,xml_geometry_csv_action
BootPass_49,119,3,3,Position_Unknown,Team_Unknown,Action_PreSnap,1704.35,489.56,1767.36,579.94,63.00999999999999,90.38000000000005,xml_geometry_csv_action
BootPass_49,119,4,4,Position_Unknown,Team_Unknown,Action_PreSnap,634.53,250.27,690.04,336.67,55.50999999999999,86.4,xml_geometry_csv_action
BootPass_49,119,5,5,Position_Unknown,Team_Unknown,Action_PreSnap,654.21,436.36,717.91,546.61,63.69999999999993,110.25,xml_geometry_csv_action
BootPass_49,119,6,6,Position_Unknown,Team_Unknown,Action_PreSnap,774.22,531.85,827.76,640.23,53.539999999999964,108.38,xml_geometry_csv_action
BootPass_49,119,7,7,Position_Unknown,Team_Unknown,Action_PreSnap,1144.58,433.81,1188.56,533.8,43.98000000000002,99.98999999999995,xml_geometry_csv_action
BootPass_49,119,8,8,Position_Unknown,Team_Unknown,Action_PreSnap,617.72,445.1,666.45,570.58,48.73000000000002,125.48000000000002,xml_geometry_csv_action
BootPass_49,119,9,9,Position_Unknown,Team_Unknown,Action_PreSnap,867.53,318.95,910.87,412.17,43.34000000000003,93.22000000000003,xml_geometry_csv_action
BootPass_49,120,1,1,Position_Unknown,Team_Unknown,Action_PreSnap,1483.38,522.62,1569.43,619.85,86.04999999999995,97.23000000000002,xml_geometry_csv_action
BootPass_49,120,10,10,Position_Unknown,Team_Unknown,Action_PreSnap,1560.43,343.04,1631.46,443.49,71.02999999999997,100.44999999999999,xml_geometry_csv_action
BootPass_49,120,11,11,Position_Unknown,Team_Unknown,Action_PreSnap,947.0,405.21,1014.26,502.37,67.25999999999999,97.16000000000003,xml_geometry_csv_action
BootPass_49,120,12,12,Position_Unknown,Team_Unknown,Action_PreSnap,484.22,285.45,530.44,390.92,46.22000000000003,105.47000000000003,xml_geometry_csv_action
BootPass_49,120,13,13,Position_Unknown,Team_Unknown,Action_PreSnap,1050.89,235.44,1097.33,325.43,46.43999999999983,89.99000000000001,xml_geometry_csv_action
BootPass_49,120,14,14,Position_Unknown,Team_Unknown,Action_PreSnap,1640.21,556.32,1705.67,657.89,65.46000000000004,101.56999999999994,xml_geometry_csv_action
BootPass_49,120,15,15,Position_Unknown,Team_Unknown,Action_PreSnap,625.03,335.84,681.27,437.82,56.24000000000001,101.98000000000002,xml_geometry_csv_action
BootPass_49,120,16,16,Position_Unknown,Team_Unknown,Action_PreSnap,718.89,354.25,767.51,476.22,48.620000000000005,121.97000000000003,xml_geometry_csv_action
BootPass_49,120,17,17,Position_Unknown,Team_Unknown,Action_PreSnap,776.88,329.36,829.13,421.81,52.25,92.44999999999999,xml_geometry_csv_action
BootPass_49,120,18,18,Position_Unknown,Team_Unknown,Action_PreSnap,524.65,392.6,627.32,448.29,102.67000000000007,55.69,xml_geometry_csv_action
BootPass_49,120,19,19,Position_Unknown,Team_Unknown,Action_PreSnap,605.81,254.86,649.03,321.24,43.22000000000003,66.38,xml_geometry_csv_action
BootPass_49,120,2,2,Position_Unknown,Team_Unknown,Action_PreSnap,464.43,459.69,521.66,570.53,57.22999999999996,110.83999999999997,xml_geometry_csv_action
BootPass_49,120,20,20,Position_Unknown,Team_Unknown,Action_BootAway,182.75,471.03,244.63,584.04,61.879999999999995,113.00999999999999,xml_geometry_csv_action
BootPass_49,120,21,21,Position_Unknown,Team_Unknown,Action_PreSnap,609.29,281.5,654.39,394.92,45.10000000000002,113.42000000000002,xml_geometry_csv_action
BootPass_49,120,3,3,Position_Unknown,Team_Unknown,Action_PreSnap,1697.18,488.05,1761.28,577.73,64.09999999999991,89.68,xml_geometry_csv_action
BootPass_49,120,4,4,Position_Unknown,Team_Unknown,Action_PreSnap,635.04,252.62,686.45,337.61,51.41000000000008,84.99000000000001,xml_geometry_csv_action
BootPass_49,120,5,5,Position_Unknown,Team_Unknown,Action_PreSnap,655.33,435.47,721.4,544.63,66.06999999999994,109.15999999999997,xml_geometry_csv_action
BootPass_49,120,6,6,Position_Unknown,Team_Unknown,Action_PreSnap,777.53,532.15,829.22,637.98,51.690000000000055,105.83000000000004,xml_geometry_csv_action
BootPass_49,120,7,7,Position_Unknown,Team_Unknown,Action_PreSnap,1144.15,437.36,1189.87,534.91,45.7199999999998,97.54999999999995,xml_geometry_csv_action
BootPass_49,120,8,8,Position_Unknown,Team_Unknown,Action_PreSnap,619.57,442.85,668.08,569.02,48.50999999999999,126.16999999999996,xml_geometry_csv_action
BootPass_49,120,9,9,Position_Unknown,Team_Unknown,Action_PreSnap,869.22,320.82,912.91,412.5,43.68999999999994,91.68,xml_geometry_csv_action
BootPass_49,121,1,1,Position_Unknown,Team_Unknown,Action_PreSnap,1487.89,522.96,1572.42,616.24,84.52999999999997,93.27999999999997,xml_geometry_csv_action
BootPass_49,121,10,10,Position_Unknown,Team_Unknown,Action_PreSnap,1562.88,346.92,1626.5,447.42,63.61999999999989,100.5,xml_geometry_csv_action
BootPass_49,121,11,11,Position_Unknown,Team_Unknown,Action_PreSnap,946.45,406.36,1013.98,501.87,67.52999999999997,95.50999999999999,xml_geometry_csv_action
BootPass_49,121,12,12,Position_Unknown,Team_Unknown,Action_PreSnap,486.43,285.45,533.19,390.8,46.76000000000005,105.35000000000002,xml_geometry_csv_action
BootPass_49,121,13,13,Position_Unknown,Team_Unknown,Action_PreSnap,1051.59,238.55,1097.1,326.13,45.50999999999999,87.57999999999998,xml_geometry_csv_action
BootPass_49,121,14,14,Position_Unknown,Team_Unknown,Action_PreSnap,1636.62,555.76,1699.45,653.68,62.830000000000155,97.91999999999996,xml_geometry_csv_action
BootPass_49,121,15,15,Position_Unknown,Team_Unknown,Action_PreSnap,626.44,334.23,681.37,437.29,54.92999999999995,103.06,xml_geometry_csv_action
BootPass_49,121,16,16,Position_Unknown,Team_Unknown,Action_PreSnap,718.18,355.37,766.54,474.96,48.360000000000014,119.58999999999997,xml_geometry_csv_action
BootPass_49,121,17,17,Position_Unknown,Team_Unknown,Action_PreSnap,779.31,330.94,829.68,420.16,50.370000000000005,89.22000000000003,xml_geometry_csv_action
BootPass_49,121,18,18,Position_Unknown,Team_Unknown,Action_PreSnap,527.49,392.8,629.27,448.69,101.77999999999997,55.889999999999986,xml_geometry_csv_action
BootPass_49,121,19,19,Position_Unknown,Team_Unknown,Action_PreSnap,607.79,256.9,652.56,334.5,44.76999999999998,77.60000000000002,xml_geometry_csv_action
BootPass_49,121,2,2,Position_Unknown,Team_Unknown,Action_PreSnap,467.13,460.57,523.44,569.36,56.31000000000006,108.79000000000002,xml_geometry_csv_action
BootPass_49,121,20,20,Position_Unknown,Team_Unknown,Action_BootAway,189.5,474.18,249.83,586.54,60.33000000000001,112.35999999999996,xml_geometry_csv_action
BootPass_49,121,21,21,Position_Unknown,Team_Unknown,Action_PreSnap,611.72,282.8,657.81,392.74,46.08999999999992,109.94,xml_geometry_csv_action
BootPass_49,121,3,3,Position_Unknown,Team_Unknown,Action_PreSnap,1691.94,486.59,1755.25,576.89,63.309999999999945,90.30000000000001,xml_geometry_csv_action
BootPass_49,121,4,4,Position_Unknown,Team_Unknown,Action_PreSnap,637.24,254.43,684.58,337.4,47.34000000000003,82.96999999999997,xml_geometry_csv_action
BootPass_49,121,5,5,Position_Unknown,Team_Unknown,Action_PreSnap,657.14,436.19,722.29,540.97,65.14999999999998,104.78000000000003,xml_geometry_csv_action
BootPass_49,121,6,6,Position_Unknown,Team_Unknown,Action_PreSnap,781.65,531.68,831.19,634.71,49.54000000000008,103.03000000000009,xml_geometry_csv_action
BootPass_49,121,7,7,Position_Unknown,Team_Unknown,Action_PreSnap,1144.21,442.05,1188.26,534.38,44.049999999999955,92.32999999999998,xml_geometry_csv_action
BootPass_49,121,8,8,Position_Unknown,Team_Unknown,Action_PreSnap,622.11,441.12,669.87,566.79,47.75999999999999,125.66999999999996,xml_geometry_csv_action
BootPass_49,121,9,9,Position_Unknown,Team_Unknown,Action_PreSnap,870.68,322.85,914.8,412.77,44.120000000000005,89.91999999999996,xml_geometry_csv_action
BootPass_49,122,1,1,Position_Unknown,Team_Unknown,Action_PreSnap,1499.93,522.59,1573.69,614.99,73.75999999999999,92.39999999999998,xml_geometry_csv_action
BootPass_49,122,10,10,Position_Unknown,Team_Unknown,Action_PreSnap,1563.77,350.68,1623.27,450.74,59.5,100.06,xml_geometry_csv_action
BootPass_49,122,11,11,Position_Unknown,Team_Unknown,Action_PreSnap,946.62,408.01,1014.23,501.19,67.61000000000001,93.18,xml_geometry_csv_action
BootPass_49,122,12,12,Position_Unknown,Team_Unknown,Action_PreSnap,493.49,285.86,538.38,391.16,44.889999999999986,105.30000000000001,xml_geometry_csv_action
BootPass_49,122,13,13,Position_Unknown,Team_Unknown,Action_PreSnap,1053.19,242.42,1100.49,326.95,47.299999999999955,84.53,xml_geometry_csv_action
BootPass_49,122,14,14,Position_Unknown,Team_Unknown,Action_PreSnap,1636.65,555.23,1696.13,649.13,59.48000000000002,93.89999999999998,xml_geometry_csv_action
BootPass_49,122,15,15,Position_Unknown,Team_Unknown,Action_PreSnap,625.65,334.07,682.12,437.03,56.47000000000003,102.95999999999998,xml_geometry_csv_action
BootPass_49,122,16,16,Position_Unknown,Team_Unknown,Action_PreSnap,717.45,356.91,765.73,473.0,48.27999999999997,116.08999999999997,xml_geometry_csv_action
BootPass_49,122,17,17,Position_Unknown,Team_Unknown,Action_PreSnap,780.63,333.57,829.03,419.37,48.39999999999998,85.80000000000001,xml_geometry_csv_action
BootPass_49,122,18,18,Position_Unknown,Team_Unknown,Action_PreSnap,530.38,393.36,631.93,448.2,101.54999999999995,54.839999999999975,xml_geometry_csv_action
BootPass_49,122,19,19,Position_Unknown,Team_Unknown,Action_PreSnap,611.21,259.21,653.79,338.13,42.57999999999993,78.92000000000002,xml_geometry_csv_action
BootPass_49,122,2,2,Position_Unknown,Team_Unknown,Action_PreSnap,470.64,461.71,524.18,565.93,53.539999999999964,104.21999999999997,xml_geometry_csv_action
BootPass_49,122,20,20,Position_Unknown,Team_Unknown,Action_None,197.51,483.48,253.91,585.28,56.400000000000006,101.79999999999995,xml_geometry_csv_action
BootPass_49,122,21,21,Position_Unknown,Team_Unknown,Action_PreSnap,612.45,285.27,660.21,391.81,47.75999999999999,106.54000000000002,xml_geometry_csv_action
BootPass_49,122,3,3,Position_Unknown,Team_Unknown,Action_PreSnap,1687.99,487.84,1748.56,578.01,60.569999999999936,90.17000000000002,xml_geometry_csv_action
BootPass_49,122,4,4,Position_Unknown,Team_Unknown,Action_PreSnap,639.33,257.06,682.71,339.19,43.379999999999995,82.13,xml_geometry_csv_action
BootPass_49,122,5,5,Position_Unknown,Team_Unknown,Action_PreSnap,659.0,436.35,719.79,536.53,60.789999999999964,100.17999999999995,xml_geometry_csv_action
BootPass_49,122,6,6,Position_Unknown,Team_Unknown,Action_PreSnap,785.35,531.72,832.75,628.45,47.39999999999998,96.73000000000002,xml_geometry_csv_action
BootPass_49,122,7,7,Position_Unknown,Team_Unknown,Action_PreSnap,1145.91,447.35,1189.45,535.85,43.539999999999964,88.5,xml_geometry_csv_action
BootPass_49,122,8,8,Position_Unknown,Team_Unknown,Action_PreSnap,624.0,439.42,673.23,561.62,49.23000000000002,122.19999999999999,xml_geometry_csv_action
BootPass_49,122,9,9,Position_Unknown,Team_Unknown,Action_PreSnap,873.11,326.02,916.39,411.96,43.27999999999997,85.94,xml_geometry_csv_action
BootPass_49,123,1,1,Position_Unknown,Team_Unknown,Action_PreSnap,1515.68,521.4,1576.07,618.31,60.38999999999987,96.90999999999997,xml_geometry_csv_action
BootPass_49,123,10,10,Position_Unknown,Team_Unknown,Action_PreSnap,1559.59,351.74,1622.56,451.62,62.97000000000003,99.88,xml_geometry_csv_action
BootPass_49,123,11,11,Position_Unknown,Team_Unknown,Action_PreSnap,952.49,409.54,1014.75,500.78,62.25999999999999,91.23999999999995,xml_geometry_csv_action
BootPass_49,123,12,12,Position_Unknown,Team_Unknown,Action_PreSnap,495.38,284.49,540.45,389.52,45.07000000000005,105.02999999999997,xml_geometry_csv_action
BootPass_49,123,13,13,Position_Unknown,Team_Unknown,Action_PreSnap,1052.43,243.69,1104.57,329.28,52.13999999999987,85.58999999999997,xml_geometry_csv_action
BootPass_49,123,14,14,Position_Unknown,Team_Unknown,Action_PreSnap,1637.95,554.41,1694.58,649.3,56.62999999999988,94.88999999999999,xml_geometry_csv_action
BootPass_49,123,15,15,Position_Unknown,Team_Unknown,Action_PreSnap,622.86,332.77,681.23,434.99,58.370000000000005,102.22000000000003,xml_geometry_csv_action
BootPass_49,123,16,16,Position_Unknown,Team_Unknown,Action_PreSnap,715.3,357.88,763.81,469.37,48.50999999999999,111.49000000000001,xml_geometry_csv_action
BootPass_49,123,17,17,Position_Unknown,Team_Unknown,Action_PreSnap,778.32,334.01,826.84,418.62,48.51999999999998,84.61000000000001,xml_geometry_csv_action
BootPass_49,123,18,18,Position_Unknown,Team_Unknown,Action_PreSnap,531.18,393.33,631.63,447.78,100.45000000000005,54.44999999999999,xml_geometry_csv_action
BootPass_49,123,19,19,Position_Unknown,Team_Unknown,Action_PreSnap,610.89,259.8,652.81,346.19,41.91999999999996,86.38999999999999,xml_geometry_csv_action
BootPass_49,123,2,2,Position_Unknown,Team_Unknown,Action_PreSnap,470.23,461.65,523.23,566.61,53.0,104.96000000000004,xml_geometry_csv_action
BootPass_49,123,20,20,Position_Unknown,Team_Unknown,Action_None,199.96,486.93,256.23,586.9,56.27000000000001,99.96999999999997,xml_geometry_csv_action
BootPass_49,123,21,21,Position_Unknown,Team_Unknown,Action_PreSnap,612.39,284.49,662.08,389.73,49.690000000000055,105.24000000000001,xml_geometry_csv_action
BootPass_49,123,3,3,Position_Unknown,Team_Unknown,Action_PreSnap,1688.77,487.29,1746.13,580.81,57.36000000000013,93.51999999999992,xml_geometry_csv_action
BootPass_49,123,4,4,Position_Unknown,Team_Unknown,Action_PreSnap,638.05,257.63,680.12,339.44,42.07000000000005,81.81,xml_geometry_csv_action
BootPass_49,123,5,5,Position_Unknown,Team_Unknown,Action_PreSnap,658.17,435.57,713.41,530.74,55.24000000000001,95.17000000000002,xml_geometry_csv_action
BootPass_49,123,6,6,Position_Unknown,Team_Unknown,Action_PreSnap,786.59,531.2,833.38,629.36,46.789999999999964,98.15999999999997,xml_geometry_csv_action
BootPass_49,123,7,7,Position_Unknown,Team_Unknown,Action_PreSnap,1145.33,450.11,1192.47,545.14,47.1400000000001,95.02999999999997,xml_geometry_csv_action
BootPass_49,123,8,8,Position_Unknown,Team_Unknown,Action_PreSnap,622.57,436.35,674.12,555.98,51.549999999999955,119.63,xml_geometry_csv_action
BootPass_49,123,9,9,Position_Unknown,Team_Unknown,Action_PreSnap,873.58,326.81,917.92,411.16,44.33999999999992,84.35000000000002,xml_geometry_csv_action
BootPass_49,124,1,1,Position_Unknown,Team_Unknown,Action_PreSnap,1523.38,520.29,1584.96,616.93,61.57999999999993,96.63999999999999,xml_geometry_csv_action
BootPass_49,124,10,10,Position_Unknown,Team_Unknown,Action_PreSnap,1558.71,353.43,1624.98,452.1,66.26999999999998,98.67000000000002,xml_geometry_csv_action
BootPass_49,124,11,11,Position_Unknown,Team_Unknown,Action_PreSnap,961.39,410.83,1016.22,500.52,54.83000000000004,89.69,xml_geometry_csv_action
BootPass_49,124,12,12,Position_Unknown,Team_Unknown,Action_PreSnap,498.45,283.78,541.66,385.9,43.20999999999998,102.12,xml_geometry_csv_action
BootPass_49,124,13,13,Position_Unknown,Team_Unknown,Action_PreSnap,1050.9,244.44,1109.66,330.08,58.75999999999999,85.63999999999999,xml_geometry_csv_action
BootPass_49,124,14,14,Position_Unknown,Team_Unknown,Action_PreSnap,1641.03,552.49,1696.28,645.09,55.25,92.60000000000002,xml_geometry_csv_action
BootPass_49,124,15,15,Position_Unknown,Team_Unknown,Action_PreSnap,622.1,331.61,681.0,433.84,58.89999999999998,102.22999999999996,xml_geometry_csv_action
BootPass_49,124,16,16,Position_Unknown,Team_Unknown,Action_PreSnap,712.1,358.24,761.33,464.99,49.23000000000002,106.75,xml_geometry_csv_action
BootPass_49,124,17,17,Position_Unknown,Team_Unknown,Action_PreSnap,774.37,334.25,823.77,420.56,49.39999999999998,86.31,xml_geometry_csv_action
BootPass_49,124,18,18,Position_Unknown,Team_Unknown,Action_PreSnap,532.83,396.15,631.66,446.85,98.82999999999993,50.700000000000045,xml_geometry_csv_action
BootPass_49,124,19,19,Position_Unknown,Team_Unknown,Action_PreSnap,610.22,259.87,651.08,346.12,40.860000000000014,86.25,xml_geometry_csv_action
BootPass_49,124,2,2,Position_Unknown,Team_Unknown,Action_PreSnap,469.66,462.69,521.47,567.67,51.81,104.97999999999996,xml_geometry_csv_action
BootPass_49,124,20,20,Position_Unknown,Team_Unknown,Action_None,199.0,491.33,254.2,599.22,55.19999999999999,107.89000000000004,xml_geometry_csv_action
BootPass_49,124,3,3,Position_Unknown,Team_Unknown,Action_PreSnap,1690.02,487.97,1746.62,582.39,56.59999999999991,94.41999999999996,xml_geometry_csv_action
BootPass_49,124,4,4,Position_Unknown,Team_Unknown,Action_PreSnap,637.26,258.2,678.59,337.83,41.33000000000004,79.63,xml_geometry_csv_action
BootPass_49,124,5,5,Position_Unknown,Team_Unknown,Action_PreSnap,657.2,436.1,710.06,525.78,52.8599999999999,89.67999999999995,xml_geometry_csv_action
BootPass_49,124,6,6,Position_Unknown,Team_Unknown,Action_PreSnap,784.16,531.24,835.26,635.21,51.10000000000002,103.97000000000003,xml_geometry_csv_action
BootPass_49,124,7,7,Position_Unknown,Team_Unknown,Action_PreSnap,1142.67,452.92,1194.38,554.8,51.710000000000036,101.87999999999994,xml_geometry_csv_action
BootPass_49,124,8,8,Position_Unknown,Team_Unknown,Action_PreSnap,620.13,434.33,673.48,549.68,53.35000000000002,115.34999999999997,xml_geometry_csv_action
BootPass_49,124,9,9,Position_Unknown,Team_Unknown,Action_PreSnap,873.99,328.36,919.87,414.04,45.879999999999995,85.68,xml_geometry_csv_action
BootPass_49,125,1,1,Position_Unknown,Team_Unknown,Action_PreSnap,1522.61,518.85,1594.07,614.05,71.46000000000004,95.19999999999993,xml_geometry_csv_action
BootPass_49,125,10,10,Position_Unknown,Team_Unknown,Action_PreSnap,1557.76,353.83,1625.85,448.54,68.08999999999992,94.71000000000004,xml_geometry_csv_action
BootPass_49,125,11,11,Position_Unknown,Team_Unknown,Action_PreSnap,966.49,411.02,1017.42,499.81,50.92999999999995,88.79000000000002,xml_geometry_csv_action
BootPass_49,125,12,12,Position_Unknown,Team_Unknown,Action_PreSnap,501.18,283.36,543.12,383.17,41.94,99.81,xml_geometry_csv_action
BootPass_49,125,13,13,Position_Unknown,Team_Unknown,Action_PreSnap,1048.77,244.53,1110.79,329.45,62.01999999999998,84.91999999999999,xml_geometry_csv_action
BootPass_49,125,14,14,Position_Unknown,Team_Unknown,Action_PreSnap,1643.57,549.72,1699.29,640.06,55.72000000000003,90.33999999999992,xml_geometry_csv_action
BootPass_49,125,15,15,Position_Unknown,Team_Unknown,Action_PreSnap,621.78,331.72,680.61,432.16,58.83000000000004,100.44,xml_geometry_csv_action
BootPass_49,125,16,16,Position_Unknown,Team_Unknown,Action_PreSnap,708.23,358.41,758.71,462.97,50.48000000000002,104.56,xml_geometry_csv_action
BootPass_49,125,17,17,Position_Unknown,Team_Unknown,Action_PreSnap,771.7,334.57,821.56,420.37,49.8599999999999,85.80000000000001,xml_geometry_csv_action
BootPass_49,125,18,18,Position_Unknown,Team_Unknown,Action_PreSnap,532.28,393.55,619.75,441.76,87.47000000000003,48.20999999999998,xml_geometry_csv_action
BootPass_49,125,19,19,Position_Unknown,Team_Unknown,Action_PreSnap,608.63,259.67,649.68,347.41,41.049999999999955,87.74000000000001,xml_geometry_csv_action
BootPass_49,125,2,2,Position_Unknown,Team_Unknown,Action_PreSnap,467.72,463.51,520.08,568.85,52.360000000000014,105.34000000000003,xml_geometry_csv_action
BootPass_49,125,20,20,Position_Unknown,Team_Unknown,Action_None,205.67,490.98,257.26,599.97,51.59,108.99000000000001,xml_geometry_csv_action
BootPass_49,125,22,22,Position_Unknown,Team_Unknown,Action_PreSnap,532.84,400.03,629.18,448.79,96.33999999999992,48.76000000000005,xml_geometry_csv_action
BootPass_49,125,3,3,Position_Unknown,Team_Unknown,Action_PreSnap,1689.97,489.08,1747.95,577.86,57.98000000000002,88.78000000000003,xml_geometry_csv_action
BootPass_49,125,4,4,Position_Unknown,Team_Unknown,Action_PreSnap,636.24,257.8,677.7,335.56,41.460000000000036,77.75999999999999,xml_geometry_csv_action
BootPass_49,125,5,5,Position_Unknown,Team_Unknown,Action_PreSnap,656.53,436.67,708.4,522.38,51.870000000000005,85.70999999999998,xml_geometry_csv_action
BootPass_49,125,6,6,Position_Unknown,Team_Unknown,Action_PreSnap,784.41,531.69,837.1,638.45,52.690000000000055,106.75999999999999,xml_geometry_csv_action
BootPass_49,125,7,7,Position_Unknown,Team_Unknown,Action_PreSnap,1143.01,455.88,1193.84,559.56,50.82999999999993,103.67999999999995,xml_geometry_csv_action
BootPass_49,125,8,8,Position_Unknown,Team_Unknown,Action_PreSnap,619.34,432.16,672.2,545.41,52.860000000000014,113.24999999999994,xml_geometry_csv_action
BootPass_49,125,9,9,Position_Unknown,Team_Unknown,Action_PreSnap,873.69,329.94,921.37,413.81,47.67999999999995,83.87,xml_geometry_csv_action
BootPass_49,126,1,1,Position_Unknown,Team_Unknown,Action_PreSnap,1519.58,516.89,1602.5,613.92,82.92000000000007,97.02999999999997,xml_geometry_csv_action
BootPass_49,126,10,10,Position_Unknown,Team_Unknown,Action_PreSnap,1557.13,354.9,1625.75,447.11,68.61999999999989,92.21000000000004,xml_geometry_csv_action
BootPass_49,126,11,11,Position_Unknown,Team_Unknown,Action_PreSnap,968.1,411.54,1017.71,499.83,49.610000000000014,88.28999999999996,xml_geometry_csv_action
BootPass_49,126,12,12,Position_Unknown,Team_Unknown,Action_PreSnap,502.63,283.01,543.63,377.61,41.0,94.60000000000002,xml_geometry_csv_action
BootPass_49,126,13,13,Position_Unknown,Team_Unknown,Action_PreSnap,1047.07,243.94,1110.26,329.48,63.190000000000055,85.54000000000002,xml_geometry_csv_action
BootPass_49,126,14,14,Position_Unknown,Team_Unknown,Action_PreSnap,1641.54,546.08,1700.69,636.1,59.15000000000009,90.01999999999998,xml_geometry_csv_action
BootPass_49,126,15,15,Position_Unknown,Team_Unknown,Action_PreSnap,621.94,331.4,680.36,429.96,58.41999999999996,98.56,xml_geometry_csv_action
BootPass_49,126,16,16,Position_Unknown,Team_Unknown,Action_PreSnap,704.37,357.96,755.14,461.96,50.76999999999998,104.0,xml_geometry_csv_action
BootPass_49,126,17,17,Position_Unknown,Team_Unknown,Action_PreSnap,769.19,335.11,818.67,418.61,49.479999999999905,83.5,xml_geometry_csv_action
BootPass_49,126,18,18,Position_Unknown,Team_Unknown,Action_PreSnap,530.75,393.95,608.69,439.31,77.94000000000005,45.360000000000014,xml_geometry_csv_action
BootPass_49,126,19,19,Position_Unknown,Team_Unknown,Action_PreSnap,603.95,257.97,646.04,337.91,42.08999999999992,79.94,xml_geometry_csv_action
BootPass_49,126,2,2,Position_Unknown,Team_Unknown,Action_PreSnap,462.67,463.82,517.13,571.08,54.45999999999998,107.26000000000005,xml_geometry_csv_action
BootPass_49,126,20,20,Position_Unknown,Team_Unknown,Action_None,208.15,492.16,257.05,602.92,48.900000000000006,110.75999999999993,xml_geometry_csv_action
BootPass_49,126,21,21,Position_Unknown,Team_Unknown,Action_PreSnap,616.84,280.55,661.9,356.51,45.059999999999945,75.95999999999998,xml_geometry_csv_action
BootPass_49,126,22,22,Position_Unknown,Team_Unknown,Action_PreSnap,534.07,400.29,626.89,447.24,92.81999999999994,46.94999999999999,xml_geometry_csv_action
BootPass_49,126,3,3,Position_Unknown,Team_Unknown,Action_PreSnap,1687.46,490.36,1747.86,574.91,60.399999999999864,84.54999999999995,xml_geometry_csv_action
BootPass_49,126,4,4,Position_Unknown,Team_Unknown,Action_PreSnap,634.89,256.69,677.12,332.23,42.23000000000002,75.54000000000002,xml_geometry_csv_action
BootPass_49,126,5,5,Position_Unknown,Team_Unknown,Action_PreSnap,655.04,436.99,706.48,521.29,51.440000000000055,84.29999999999995,xml_geometry_csv_action
BootPass_49,126,6,6,Position_Unknown,Team_Unknown,Action_PreSnap,786.98,533.31,838.25,641.45,51.26999999999998,108.1400000000001,xml_geometry_csv_action
BootPass_49,126,7,7,Position_Unknown,Team_Unknown,Action_PreSnap,1145.06,460.12,1193.03,562.25,47.97000000000003,102.13,xml_geometry_csv_action
BootPass_49,126,8,8,Position_Unknown,Team_Unknown,Action_PreSnap,619.51,430.79,670.49,542.87,50.98000000000002,112.07999999999998,xml_geometry_csv_action
BootPass_49,126,9,9,Position_Unknown,Team_Unknown,Action_PreSnap,871.79,331.11,922.97,413.15,51.180000000000064,82.03999999999996,xml_geometry_csv_action
BootPass_49,127,1,1,Position_Unknown,Team_Unknown,Action_PreSnap,1524.11,514.26,1611.01,611.26,86.90000000000009,97.0,xml_geometry_csv_action
BootPass_49,127,10,10,Position_Unknown,Team_Unknown,Action_PreSnap,1558.53,354.79,1628.41,447.21,69.88000000000011,92.41999999999996,xml_geometry_csv_action
BootPass_49,127,11,11,Position_Unknown,Team_Unknown,Action_PreSnap,968.95,411.65,1017.75,499.41,48.799999999999955,87.76000000000005,xml_geometry_csv_action
BootPass_49,127,12,12,Position_Unknown,Team_Unknown,Action_PreSnap,503.57,280.95,544.06,374.14,40.48999999999995,93.19,xml_geometry_csv_action
BootPass_49,127,13,13,Position_Unknown,Team_Unknown,Action_PreSnap,1045.12,243.27,1106.93,329.02,61.81000000000017,85.74999999999997,xml_geometry_csv_action
BootPass_49,127,14,14,Position_Unknown,Team_Unknown,Action_PreSnap,1640.26,542.86,1698.92,634.72,58.66000000000008,91.86000000000001,xml_geometry_csv_action
BootPass_49,127,15,15,Position_Unknown,Team_Unknown,Action_PreSnap,620.75,332.77,678.97,427.83,58.22000000000003,95.06,xml_geometry_csv_action
BootPass_49,127,16,16,Position_Unknown,Team_Unknown,Action_PreSnap,700.2,357.04,751.21,459.88,51.00999999999999,102.83999999999997,xml_geometry_csv_action
BootPass_49,127,17,17,Position_Unknown,Team_Unknown,Action_PreSnap,766.85,335.93,815.3,416.12,48.44999999999993,80.19,xml_geometry_csv_action
BootPass_49,127,18,18,Position_Unknown,Team_Unknown,Action_PreSnap,528.79,394.45,606.52,440.03,77.73000000000002,45.579999999999984,xml_geometry_csv_action
BootPass_49,127,19,19,Position_Unknown,Team_Unknown,Action_PreSnap,600.68,256.4,643.91,342.67,43.23000000000002,86.27000000000004,xml_geometry_csv_action
BootPass_49,127,2,2,Position_Unknown,Team_Unknown,Action_PreSnap,461.18,466.02,514.05,572.18,52.86999999999995,106.15999999999997,xml_geometry_csv_action
BootPass_49,127,20,20,Position_Unknown,Team_Unknown,Action_None,212.04,489.81,261.01,602.97,48.97,113.16000000000003,xml_geometry_csv_action
BootPass_49,127,21,21,Position_Unknown,Team_Unknown,Action_PreSnap,617.05,277.81,662.05,350.69,45.0,72.88,xml_geometry_csv_action
BootPass_49,127,22,22,Position_Unknown,Team_Unknown,Action_PreSnap,534.39,398.39,625.16,446.89,90.76999999999998,48.5,xml_geometry_csv_action
BootPass_49,127,3,3,Position_Unknown,Team_Unknown,Action_PreSnap,1686.88,490.75,1749.03,573.8,62.149999999999864,83.04999999999995,xml_geometry_csv_action
BootPass_49,127,4,4,Position_Unknown,Team_Unknown,Action_PreSnap,633.5,256.31,675.57,331.58,42.07000000000005,75.26999999999998,xml_geometry_csv_action
BootPass_49,127,5,5,Position_Unknown,Team_Unknown,Action_PreSnap,652.67,436.01,704.47,519.77,51.80000000000007,83.75999999999999,xml_geometry_csv_action
BootPass_49,127,6,6,Position_Unknown,Team_Unknown,Action_PreSnap,790.25,535.21,837.6,643.41,47.35000000000002,108.19999999999993,xml_geometry_csv_action
BootPass_49,127,7,7,Position_Unknown,Team_Unknown,Action_PreSnap,1145.67,465.08,1190.7,563.35,45.02999999999997,98.27000000000004,xml_geometry_csv_action
BootPass_49,127,8,8,Position_Unknown,Team_Unknown,Action_PreSnap,617.24,428.93,668.24,540.09,51.0,111.16000000000003,xml_geometry_csv_action
BootPass_49,127,9,9,Position_Unknown,Team_Unknown,Action_PreSnap,869.02,331.03,924.43,411.71,55.40999999999997,80.68,xml_geometry_csv_action
BootPass_49,128,1,1,Position_Unknown,Team_Unknown,Action_PreSnap,1527.54,512.37,1616.19,611.19,88.65000000000009,98.82000000000005,xml_geometry_csv_action
BootPass_49,128,10,10,Position_Unknown,Team_Unknown,Action_PreSnap,1561.06,355.2,1629.49,447.32,68.43000000000006,92.12,xml_geometry_csv_action
BootPass_49,128,11,11,Position_Unknown,Team_Unknown,Action_PreSnap,968.62,412.4,1018.94,500.3,50.32000000000005,87.90000000000003,xml_geometry_csv_action
BootPass_49,128,12,12,Position_Unknown,Team_Unknown,Action_PreSnap,503.28,279.31,542.98,371.29,39.700000000000045,91.98000000000002,xml_geometry_csv_action
BootPass_49,128,13,13,Position_Unknown,Team_Unknown,Action_PreSnap,1042.62,243.35,1103.02,329.35,60.40000000000009,86.00000000000003,xml_geometry_csv_action
BootPass_49,128,14,14,Position_Unknown,Team_Unknown,Action_PreSnap,1638.78,540.82,1697.51,634.62,58.73000000000002,93.79999999999995,xml_geometry_csv_action
BootPass_49,128,15,15,Position_Unknown,Team_Unknown,Action_PreSnap,617.29,333.68,676.21,425.46,58.92000000000007,91.77999999999997,xml_geometry_csv_action
BootPass_49,128,16,16,Position_Unknown,Team_Unknown,Action_PreSnap,695.59,355.01,746.15,459.08,50.559999999999945,104.07,xml_geometry_csv_action
BootPass_49,128,17,17,Position_Unknown,Team_Unknown,Action_PreSnap,763.17,336.61,810.76,414.6,47.59000000000003,77.99000000000001,xml_geometry_csv_action
BootPass_49,128,19,19,Position_Unknown,Team_Unknown,Action_PreSnap,596.43,255.45,638.56,339.53,42.129999999999995,84.07999999999998,xml_geometry_csv_action
BootPass_49,128,2,2,Position_Unknown,Team_Unknown,Action_PreSnap,459.07,468.6,510.29,571.69,51.22000000000003,103.09000000000003,xml_geometry_csv_action
BootPass_49,128,20,20,Position_Unknown,Team_Unknown,Action_None,212.63,489.84,261.95,601.88,49.31999999999999,112.04000000000002,xml_geometry_csv_action
BootPass_49,128,21,21,Position_Unknown,Team_Unknown,Action_PreSnap,614.65,276.18,658.05,348.47,43.39999999999998,72.29000000000002,xml_geometry_csv_action
BootPass_49,128,22,22,Position_Unknown,Team_Unknown,Action_PreSnap,543.3,396.57,623.71,447.22,80.41000000000008,50.650000000000034,xml_geometry_csv_action
BootPass_49,128,3,3,Position_Unknown,Team_Unknown,Action_PreSnap,1689.05,490.76,1749.22,574.82,60.17000000000007,84.06000000000006,xml_geometry_csv_action
BootPass_49,128,4,4,Position_Unknown,Team_Unknown,Action_PreSnap,631.13,255.74,674.39,329.62,43.25999999999999,73.88,xml_geometry_csv_action
BootPass_49,128,5,5,Position_Unknown,Team_Unknown,Action_PreSnap,649.03,434.14,701.58,518.62,52.55000000000007,84.48000000000002,xml_geometry_csv_action
BootPass_49,128,6,6,Position_Unknown,Team_Unknown,Action_PreSnap,790.71,536.75,837.27,641.76,46.559999999999945,105.00999999999999,xml_geometry_csv_action
BootPass_49,128,7,7,Position_Unknown,Team_Unknown,Action_PreSnap,1144.04,469.78,1186.62,564.13,42.57999999999993,94.35000000000002,xml_geometry_csv_action
BootPass_49,128,8,8,Position_Unknown,Team_Unknown,Action_PreSnap,611.28,427.15,664.28,537.24,53.0,110.09000000000003,xml_geometry_csv_action
BootPass_49,128,9,9,Position_Unknown,Team_Unknown,Action_PreSnap,864.58,331.03,922.54,410.83,57.95999999999992,79.80000000000001,xml_geometry_csv_action
BootPass_49,129,1,1,Position_Unknown,Team_Unknown,Action_PreSnap,1549.9,511.06,1622.19,609.93,72.28999999999996,98.86999999999995,xml_geometry_csv_action
BootPass_49,129,10,10,Position_Unknown,Team_Unknown,Action_PreSnap,1569.7,353.8,1631.97,447.08,62.26999999999998,93.27999999999997,xml_geometry_csv_action
BootPass_49,129,11,11,Position_Unknown,Team_Unknown,Action_PreSnap,968.47,411.36,1018.64,499.15,50.16999999999996,87.78999999999996,xml_geometry_csv_action
BootPass_49,129,12,12,Position_Unknown,Team_Unknown,Action_PreSnap,500.35,275.91,539.28,368.07,38.92999999999995,92.15999999999997,xml_geometry_csv_action
BootPass_49,129,13,13,Position_Unknown,Team_Unknown,Action_PreSnap,1041.68,242.4,1099.05,327.55,57.36999999999989,85.15,xml_geometry_csv_action
BootPass_49,129,14,14,Position_Unknown,Team_Unknown,Action_PreSnap,1643.41,538.62,1701.5,631.48,58.08999999999992,92.86000000000001,xml_geometry_csv_action
BootPass_49,129,15,15,Position_Unknown,Team_Unknown,Action_PreSnap,612.61,332.07,670.48,421.75,57.870000000000005,89.68,xml_geometry_csv_action
BootPass_49,129,16,16,Position_Unknown,Team_Unknown,Action_PreSnap,690.26,351.71,741.04,456.97,50.77999999999997,105.26000000000005,xml_geometry_csv_action
BootPass_49,129,17,17,Position_Unknown,Team_Unknown,Action_PreSnap,759.62,335.05,807.3,411.99,47.67999999999995,76.94,xml_geometry_csv_action
BootPass_49,129,18,18,Position_Unknown,Team_Unknown,Action_PreSnap,519.97,390.36,585.39,440.96,65.41999999999996,50.599999999999966,xml_geometry_csv_action
BootPass_49,129,19,19,Position_Unknown,Team_Unknown,Action_PreSnap,591.32,252.89,633.32,333.66,42.0,80.77000000000004,xml_geometry_csv_action
BootPass_49,129,2,2,Position_Unknown,Team_Unknown,Action_PreSnap,450.73,470.54,504.52,573.6,53.789999999999964,103.06,xml_geometry_csv_action
BootPass_49,129,20,20,Position_Unknown,Team_Unknown,Action_None,210.3,488.81,261.24,600.14,50.94,111.32999999999998,xml_geometry_csv_action
BootPass_49,129,21,21,Position_Unknown,Team_Unknown,Action_PreSnap,611.81,273.98,653.86,344.38,42.05000000000007,70.39999999999998,xml_geometry_csv_action
BootPass_49,129,22,22,Position_Unknown,Team_Unknown,Action_PreSnap,546.3,393.14,620.66,445.84,74.36000000000001,52.69999999999999,xml_geometry_csv_action
BootPass_49,129,3,3,Position_Unknown,Team_Unknown,Action_PreSnap,1696.98,489.84,1751.28,574.77,54.299999999999955,84.93,xml_geometry_csv_action
BootPass_49,129,4,4,Position_Unknown,Team_Unknown,Action_PreSnap,626.35,252.67,670.58,324.54,44.23000000000002,71.87000000000003,xml_geometry_csv_action
BootPass_49,129,5,5,Position_Unknown,Team_Unknown,Action_PreSnap,645.16,431.57,696.31,516.22,51.14999999999998,84.65000000000003,xml_geometry_csv_action
BootPass_49,129,6,6,Position_Unknown,Team_Unknown,Action_PreSnap,789.34,538.45,840.28,641.11,50.93999999999994,102.65999999999997,xml_geometry_csv_action
BootPass_49,129,7,7,Position_Unknown,Team_Unknown,Action_PreSnap,1143.8,471.93,1184.18,563.01,40.38000000000011,91.07999999999998,xml_geometry_csv_action
BootPass_49,129,8,8,Position_Unknown,Team_Unknown,Action_PreSnap,606.83,424.99,659.02,527.94,52.18999999999994,102.95000000000005,xml_geometry_csv_action
BootPass_49,129,9,9,Position_Unknown,Team_Unknown,Action_PreSnap,862.81,329.55,921.44,409.85,58.63000000000011,80.30000000000001,xml_geometry_csv_action
BootPass_49,130,1,1,Position_Unknown,Team_Unknown,Action_PreSnap,1570.32,509.52,1629.59,608.11,59.26999999999998,98.59000000000003,xml_geometry_csv_action
BootPass_49,130,10,10,Position_Unknown,Team_Unknown,Action_PreSnap,1576.57,352.39,1632.99,446.49,56.42000000000007,94.10000000000002,xml_geometry_csv_action
BootPass_49,130,11,11,Position_Unknown,Team_Unknown,Action_PreSnap,969.98,410.91,1016.55,497.62,46.569999999999936,86.70999999999998,xml_geometry_csv_action
BootPass_49,130,12,12,Position_Unknown,Team_Unknown,Action_PreSnap,494.47,272.22,533.94,365.63,39.47000000000003,93.40999999999997,xml_geometry_csv_action
BootPass_49,130,13,13,Position_Unknown,Team_Unknown,Action_PreSnap,1041.97,239.8,1095.42,325.24,53.450000000000045,85.44,xml_geometry_csv_action
BootPass_49,130,14,14,Position_Unknown,Team_Unknown,Action_PreSnap,1646.42,536.07,1707.61,632.11,61.18999999999983,96.03999999999996,xml_geometry_csv_action
BootPass_49,130,15,15,Position_Unknown,Team_Unknown,Action_PreSnap,606.59,330.71,660.42,418.53,53.82999999999993,87.82,xml_geometry_csv_action
BootPass_49,130,16,16,Position_Unknown,Team_Unknown,Action_PreSnap,683.48,347.8,735.54,453.38,52.059999999999945,105.57999999999998,xml_geometry_csv_action
BootPass_49,130,17,17,Position_Unknown,Team_Unknown,Action_PreSnap,756.35,333.56,800.94,408.29,44.59000000000003,74.73000000000002,xml_geometry_csv_action
BootPass_49,130,19,19,Position_Unknown,Team_Unknown,Action_PreSnap,583.5,250.79,628.35,334.71,44.85000000000002,83.91999999999999,xml_geometry_csv_action
BootPass_49,130,2,2,Position_Unknown,Team_Unknown,Action_PreSnap,443.48,471.83,496.8,576.25,53.31999999999999,104.42000000000002,xml_geometry_csv_action
BootPass_49,130,20,20,Position_Unknown,Team_Unknown,Action_None,202.73,487.02,258.69,598.9,55.96000000000001,111.88,xml_geometry_csv_action
BootPass_49,130,21,21,Position_Unknown,Team_Unknown,Action_PreSnap,607.93,273.0,650.61,342.61,42.680000000000064,69.61000000000001,xml_geometry_csv_action
BootPass_49,130,22,22,Position_Unknown,Team_Unknown,Action_PreSnap,543.37,390.36,615.47,443.9,72.10000000000002,53.539999999999964,xml_geometry_csv_action
BootPass_49,130,3,3,Position_Unknown,Team_Unknown,Action_PreSnap,1699.2,488.75,1753.79,573.94,54.58999999999992,85.19000000000005,xml_geometry_csv_action
BootPass_49,130,4,4,Position_Unknown,Team_Unknown,Action_PreSnap,620.47,249.74,665.2,319.08,44.73000000000002,69.33999999999997,xml_geometry_csv_action
BootPass_49,130,5,5,Position_Unknown,Team_Unknown,Action_PreSnap,639.12,428.27,688.71,515.23,49.59000000000003,86.96000000000004,xml_geometry_csv_action
BootPass_49,130,6,6,Position_Unknown,Team_Unknown,Action_PreSnap,785.02,540.22,841.23,642.75,56.210000000000036,102.52999999999997,xml_geometry_csv_action
BootPass_49,130,7,7,Position_Unknown,Team_Unknown,Action_PreSnap,1142.48,474.94,1181.86,572.6,39.37999999999988,97.66000000000003,xml_geometry_csv_action
BootPass_49,130,8,8,Position_Unknown,Team_Unknown,Action_PreSnap,597.71,423.59,652.08,522.73,54.370000000000005,99.14000000000004,xml_geometry_csv_action
BootPass_49,130,9,9,Position_Unknown,Team_Unknown,Action_PreSnap,862.24,328.37,918.33,407.46,56.09000000000003,79.08999999999997,xml_geometry_csv_action
BootPass_49,131,1,1,Position_Unknown,Team_Unknown,Action_PreSnap,1585.28,508.38,1638.11,605.66,52.82999999999993,97.27999999999997,xml_geometry_csv_action
BootPass_49,131,10,10,Position_Unknown,Team_Unknown,Action_PreSnap,1581.22,352.07,1636.2,445.87,54.98000000000002,93.80000000000001,xml_geometry_csv_action
BootPass_49,131,11,11,Position_Unknown,Team_Unknown,Action_PreSnap,970.97,410.62,1014.89,498.15,43.91999999999996,87.52999999999997,xml_geometry_csv_action
BootPass_49,131,12,12,Position_Unknown,Team_Unknown,Action_PreSnap,488.61,268.91,529.14,361.63,40.52999999999997,92.71999999999997,xml_geometry_csv_action
BootPass_49,131,13,13,Position_Unknown,Team_Unknown,Action_PreSnap,1042.2,236.96,1092.89,323.2,50.690000000000055,86.23999999999998,xml_geometry_csv_action
BootPass_49,131,14,14,Position_Unknown,Team_Unknown,Action_PreSnap,1646.33,534.25,1712.09,629.61,65.75999999999999,95.36000000000001,xml_geometry_csv_action
BootPass_49,131,15,15,Position_Unknown,Team_Unknown,Action_PreSnap,600.45,326.61,652.19,416.39,51.74000000000001,89.77999999999997,xml_geometry_csv_action
BootPass_49,131,16,16,Position_Unknown,Team_Unknown,Action_PreSnap,677.64,344.05,728.5,450.93,50.860000000000014,106.88,xml_geometry_csv_action
BootPass_49,131,17,17,Position_Unknown,Team_Unknown,Action_PreSnap,751.87,331.39,795.75,406.7,43.879999999999995,75.31,xml_geometry_csv_action
BootPass_49,131,19,19,Position_Unknown,Team_Unknown,Action_PreSnap,576.08,249.12,621.89,333.69,45.809999999999945,84.57,xml_geometry_csv_action
BootPass_49,131,2,2,Position_Unknown,Team_Unknown,Action_PreSnap,433.97,473.41,489.5,580.37,55.52999999999997,106.95999999999998,xml_geometry_csv_action
BootPass_49,131,20,20,Position_Unknown,Team_Unknown,Action_None,199.13,485.3,253.66,597.65,54.53,112.34999999999997,xml_geometry_csv_action
BootPass_49,131,21,21,Position_Unknown,Team_Unknown,Action_PreSnap,602.93,269.98,645.63,338.65,42.700000000000045,68.66999999999996,xml_geometry_csv_action
BootPass_49,131,22,22,Position_Unknown,Team_Unknown,Action_PreSnap,537.18,387.16,609.26,442.29,72.08000000000004,55.129999999999995,xml_geometry_csv_action
BootPass_49,131,3,3,Position_Unknown,Team_Unknown,Action_PreSnap,1706.19,487.89,1758.14,572.35,51.950000000000045,84.46000000000004,xml_geometry_csv_action
BootPass_49,131,4,4,Position_Unknown,Team_Unknown,Action_PreSnap,615.03,246.5,659.2,316.48,44.17000000000007,69.98000000000002,xml_geometry_csv_action
BootPass_49,131,5,5,Position_Unknown,Team_Unknown,Action_PreSnap,632.71,425.12,682.83,513.47,50.120000000000005,88.35000000000002,xml_geometry_csv_action
BootPass_49,131,6,6,Position_Unknown,Team_Unknown,Action_PreSnap,779.11,540.28,841.97,644.48,62.860000000000014,104.20000000000005,xml_geometry_csv_action
BootPass_49,131,7,7,Position_Unknown,Team_Unknown,Action_PreSnap,1140.47,475.71,1181.7,578.79,41.23000000000002,103.07999999999998,xml_geometry_csv_action
BootPass_49,131,8,8,Position_Unknown,Team_Unknown,Action_PreSnap,587.52,422.6,644.82,520.33,57.30000000000007,97.73000000000002,xml_geometry_csv_action
BootPass_49,131,9,9,Position_Unknown,Team_Unknown,Action_PreSnap,862.83,327.04,916.68,408.86,53.84999999999991,81.82,xml_geometry_csv_action
BootPass_49,132,1,1,Position_Unknown,Team_Unknown,Action_PreSnap,1585.78,508.27,1648.89,606.6,63.11000000000013,98.33000000000004,xml_geometry_csv_action
BootPass_49,132,10,10,Position_Unknown,Team_Unknown,Action_PreSnap,1583.83,351.35,1637.26,443.66,53.430000000000064,92.31,xml_geometry_csv_action
BootPass_49,132,11,11,Position_Unknown,Team_Unknown,Action_PreSnap,971.79,410.44,1015.51,495.45,43.72000000000003,85.00999999999999,xml_geometry_csv_action
BootPass_49,132,12,12,Position_Unknown,Team_Unknown,Action_PreSnap,483.15,265.14,524.77,358.07,41.620000000000005,92.93,xml_geometry_csv_action
BootPass_49,132,13,13,Position_Unknown,Team_Unknown,Action_PreSnap,1042.78,233.93,1091.41,318.24,48.63000000000011,84.31,xml_geometry_csv_action
BootPass_49,132,14,14,Position_Unknown,Team_Unknown,Action_PreSnap,1644.3,531.68,1714.82,629.33,70.51999999999998,97.65000000000009,xml_geometry_csv_action
BootPass_49,132,15,15,Position_Unknown,Team_Unknown,Action_PreSnap,593.29,323.16,642.62,412.85,49.33000000000004,89.69,xml_geometry_csv_action
BootPass_49,132,16,16,Position_Unknown,Team_Unknown,Action_PreSnap,670.71,340.76,720.75,448.92,50.039999999999964,108.16000000000003,xml_geometry_csv_action
BootPass_49,132,17,17,Position_Unknown,Team_Unknown,Action_PreSnap,746.54,329.62,790.42,406.47,43.879999999999995,76.85000000000002,xml_geometry_csv_action
BootPass_49,132,19,19,Position_Unknown,Team_Unknown,Action_PreSnap,568.11,247.08,614.74,331.76,46.629999999999995,84.67999999999998,xml_geometry_csv_action
BootPass_49,132,2,2,Position_Unknown,Team_Unknown,Action_PreSnap,426.04,474.39,481.93,581.19,55.889999999999986,106.80000000000007,xml_geometry_csv_action
BootPass_49,132,20,20,Position_Unknown,Team_Unknown,Action_None,194.78,485.01,247.46,596.89,52.68000000000001,111.88,xml_geometry_csv_action
BootPass_49,132,21,21,Position_Unknown,Team_Unknown,Action_PreSnap,596.61,268.01,638.8,335.92,42.18999999999994,67.91000000000003,xml_geometry_csv_action
BootPass_49,132,22,22,Position_Unknown,Team_Unknown,Action_PreSnap,527.36,385.37,603.57,438.35,76.21000000000004,52.98000000000002,xml_geometry_csv_action
BootPass_49,132,3,3,Position_Unknown,Team_Unknown,Action_PreSnap,1708.88,486.73,1762.23,568.06,53.34999999999991,81.32999999999993,xml_geometry_csv_action
BootPass_49,132,4,4,Position_Unknown,Team_Unknown,Action_PreSnap,608.6,244.04,653.73,315.21,45.129999999999995,71.16999999999999,xml_geometry_csv_action
BootPass_49,132,5,5,Position_Unknown,Team_Unknown,Action_PreSnap,625.57,422.92,677.4,512.46,51.82999999999993,89.54000000000002,xml_geometry_csv_action
BootPass_49,132,6,6,Position_Unknown,Team_Unknown,Action_PreSnap,772.9,539.95,842.15,646.61,69.25,106.65999999999997,xml_geometry_csv_action
BootPass_49,132,7,7,Position_Unknown,Team_Unknown,Action_PreSnap,1137.69,477.56,1183.09,583.31,45.399999999999864,105.74999999999994,xml_geometry_csv_action
BootPass_49,132,8,8,Position_Unknown,Team_Unknown,Action_PreSnap,582.25,421.59,638.85,516.68,56.60000000000002,95.08999999999997,xml_geometry_csv_action
BootPass_49,132,9,9,Position_Unknown,Team_Unknown,Action_PreSnap,865.03,325.79,914.89,406.34,49.860000000000014,80.54999999999995,xml_geometry_csv_action
BootPass_49,133,1,1,Position_Unknown,Team_Unknown,Action_PreSnap,1588.23,507.83,1660.86,604.17,72.62999999999988,96.33999999999997,xml_geometry_csv_action
BootPass_49,133,10,10,Position_Unknown,Team_Unknown,Action_PreSnap,1583.11,350.27,1636.87,441.31,53.75999999999999,91.04000000000002,xml_geometry_csv_action
BootPass_49,133,11,11,Position_Unknown,Team_Unknown,Action_PreSnap,970.35,409.88,1017.42,493.71,47.069999999999936,83.82999999999998,xml_geometry_csv_action
BootPass_49,133,12,12,Position_Unknown,Team_Unknown,Action_PreSnap,480.08,262.16,521.66,351.94,41.579999999999984,89.77999999999997,xml_geometry_csv_action
BootPass_49,133,13,13,Position_Unknown,Team_Unknown,Action_PreSnap,1043.86,231.47,1088.52,316.03,44.66000000000008,84.55999999999997,xml_geometry_csv_action
BootPass_49,133,14,14,Position_Unknown,Team_Unknown,Action_PreSnap,1643.64,528.59,1716.74,624.69,73.09999999999991,96.10000000000002,xml_geometry_csv_action
BootPass_49,133,15,15,Position_Unknown,Team_Unknown,Action_PreSnap,587.39,318.17,633.32,411.72,45.930000000000064,93.55000000000001,xml_geometry_csv_action
BootPass_49,133,16,16,Position_Unknown,Team_Unknown,Action_PreSnap,663.88,338.81,714.22,445.69,50.34000000000003,106.88,xml_geometry_csv_action
BootPass_49,133,17,17,Position_Unknown,Team_Unknown,Action_PreSnap,741.71,326.01,784.92,404.76,43.20999999999992,78.75,xml_geometry_csv_action
BootPass_49,133,19,19,Position_Unknown,Team_Unknown,Action_PreSnap,563.49,244.35,608.06,325.94,44.569999999999936,81.59,xml_geometry_csv_action
BootPass_49,133,2,2,Position_Unknown,Team_Unknown,Action_PreSnap,420.94,475.31,474.04,580.17,53.10000000000002,104.85999999999996,xml_geometry_csv_action
BootPass_49,133,20,20,Position_Unknown,Team_Unknown,Action_None,189.56,486.12,243.04,594.34,53.47999999999999,108.22000000000003,xml_geometry_csv_action
BootPass_49,133,21,21,Position_Unknown,Team_Unknown,Action_PreSnap,591.83,265.58,633.82,333.21,41.99000000000001,67.63,xml_geometry_csv_action
BootPass_49,133,22,22,Position_Unknown,Team_Unknown,Action_PreSnap,520.1,381.96,597.86,435.46,77.75999999999999,53.5,xml_geometry_csv_action
BootPass_49,133,3,3,Position_Unknown,Team_Unknown,Action_PreSnap,1710.77,484.94,1767.53,562.28,56.75999999999999,77.33999999999997,xml_geometry_csv_action
BootPass_49,133,4,4,Position_Unknown,Team_Unknown,Action_PreSnap,602.77,240.95,647.96,314.33,45.190000000000055,73.38,xml_geometry_csv_action
BootPass_49,133,5,5,Position_Unknown,Team_Unknown,Action_PreSnap,619.58,421.51,673.01,509.75,53.42999999999995,88.24000000000001,xml_geometry_csv_action
BootPass_49,133,6,6,Position_Unknown,Team_Unknown,Action_PreSnap,769.81,539.11,841.88,647.46,72.07000000000005,108.35000000000002,xml_geometry_csv_action
BootPass_49,133,7,7,Position_Unknown,Team_Unknown,Action_PreSnap,1136.0,479.84,1183.21,582.9,47.210000000000036,103.06,xml_geometry_csv_action
BootPass_49,133,8,8,Position_Unknown,Team_Unknown,Action_PreSnap,575.29,421.42,632.26,514.12,56.97000000000003,92.69999999999999,xml_geometry_csv_action
BootPass_49,133,9,9,Position_Unknown,Team_Unknown,Action_PreSnap,866.21,324.17,912.8,403.4,46.58999999999992,79.22999999999996,xml_geometry_csv_action
BootPass_49,134,1,1,Position_Unknown,Team_Unknown,Action_PreSnap,1607.08,507.63,1667.91,593.52,60.830000000000155,85.88999999999999,xml_geometry_csv_action
BootPass_49,134,10,10,Position_Unknown,Team_Unknown,Action_PreSnap,1581.7,349.3,1635.65,436.28,53.950000000000045,86.97999999999996,xml_geometry_csv_action
BootPass_49,134,11,11,Position_Unknown,Team_Unknown,Action_PreSnap,965.43,409.75,1018.76,492.14,53.33000000000004,82.38999999999999,xml_geometry_csv_action
BootPass_49,134,12,12,Position_Unknown,Team_Unknown,Action_PreSnap,473.95,259.47,516.3,349.04,42.349999999999966,89.57,xml_geometry_csv_action
BootPass_49,134,13,13,Position_Unknown,Team_Unknown,Action_PreSnap,1041.97,228.2,1084.99,313.35,43.01999999999998,85.15000000000003,xml_geometry_csv_action
BootPass_49,134,14,14,Position_Unknown,Team_Unknown,Action_PreSnap,1643.35,526.31,1716.94,623.13,73.59000000000015,96.82000000000005,xml_geometry_csv_action
BootPass_49,134,15,15,Position_Unknown,Team_Unknown,Action_PreSnap,579.83,314.52,624.79,410.54,44.95999999999992,96.02000000000004,xml_geometry_csv_action
BootPass_49,134,16,16,Position_Unknown,Team_Unknown,Action_PreSnap,656.23,337.34,706.71,444.3,50.48000000000002,106.96000000000004,xml_geometry_csv_action
BootPass_49,134,17,17,Position_Unknown,Team_Unknown,Action_PreSnap,736.37,323.88,780.06,402.98,43.68999999999994,79.10000000000002,xml_geometry_csv_action
BootPass_49,134,19,19,Position_Unknown,Team_Unknown,Action_PreSnap,555.46,242.76,600.97,323.67,45.50999999999999,80.91000000000003,xml_geometry_csv_action
BootPass_49,134,2,2,Position_Unknown,Team_Unknown,Action_PreSnap,414.66,475.41,467.4,580.91,52.73999999999995,105.49999999999994,xml_geometry_csv_action
BootPass_49,134,20,20,Position_Unknown,Team_Unknown,Action_None,182.39,487.09,239.26,592.8,56.870000000000005,105.70999999999998,xml_geometry_csv_action
BootPass_49,134,22,22,Position_Unknown,Team_Unknown,Action_PreSnap,515.88,379.89,591.24,434.56,75.36000000000001,54.670000000000016,xml_geometry_csv_action
BootPass_49,134,3,3,Position_Unknown,Team_Unknown,Action_PreSnap,1711.23,483.41,1771.95,566.0,60.72000000000003,82.58999999999997,xml_geometry_csv_action
BootPass_49,134,4,4,Position_Unknown,Team_Unknown,Action_PreSnap,596.85,238.27,639.34,314.2,42.49000000000001,75.92999999999998,xml_geometry_csv_action
BootPass_49,134,5,5,Position_Unknown,Team_Unknown,Action_PreSnap,613.46,419.74,667.47,508.47,54.00999999999999,88.73000000000002,xml_geometry_csv_action
BootPass_49,134,6,6,Position_Unknown,Team_Unknown,Action_PreSnap,770.09,539.31,840.44,648.31,70.35000000000002,109.0,xml_geometry_csv_action
BootPass_49,134,7,7,Position_Unknown,Team_Unknown,Action_PreSnap,1134.04,484.84,1182.1,583.47,48.059999999999945,98.63000000000005,xml_geometry_csv_action
BootPass_49,134,8,8,Position_Unknown,Team_Unknown,Action_PreSnap,566.84,421.07,623.23,512.67,56.389999999999986,91.59999999999997,xml_geometry_csv_action
BootPass_49,134,9,9,Position_Unknown,Team_Unknown,Action_PreSnap,864.42,322.78,910.05,403.15,45.629999999999995,80.37,xml_geometry_csv_action
BootPass_49,135,1,1,Position_Unknown,Team_Unknown,Action_PreSnap,1616.31,507.23,1674.86,594.73,58.549999999999955,87.5,xml_geometry_csv_action
BootPass_49,135,10,10,Position_Unknown,Team_Unknown,Action_PreSnap,1580.67,347.64,1638.13,434.99,57.460000000000036,87.35000000000002,xml_geometry_csv_action
BootPass_49,135,11,11,Position_Unknown,Team_Unknown,Action_PreSnap,958.36,409.13,1019.62,492.56,61.25999999999999,83.43,xml_geometry_csv_action
BootPass_49,135,12,12,Position_Unknown,Team_Unknown,Action_PreSnap,469.98,256.76,511.88,345.45,41.89999999999998,88.69,xml_geometry_csv_action
BootPass_49,135,13,13,Position_Unknown,Team_Unknown,Action_PreSnap,1040.08,226.57,1082.43,310.35,42.350000000000136,83.78000000000003,xml_geometry_csv_action
BootPass_49,135,14,14,Position_Unknown,Team_Unknown,Action_PreSnap,1644.76,524.46,1716.15,622.8,71.3900000000001,98.33999999999992,xml_geometry_csv_action
BootPass_49,135,15,15,Position_Unknown,Team_Unknown,Action_PreSnap,573.42,309.5,616.89,409.85,43.47000000000003,100.35000000000002,xml_geometry_csv_action
BootPass_49,135,16,16,Position_Unknown,Team_Unknown,Action_PreSnap,649.82,335.91,699.32,441.6,49.5,105.69,xml_geometry_csv_action
BootPass_49,135,17,17,Position_Unknown,Team_Unknown,Action_PreSnap,729.29,321.5,774.86,401.57,45.57000000000005,80.07,xml_geometry_csv_action
BootPass_49,135,18,18,Position_Unknown,Team_Unknown,Action_PreSnap,479.33,377.16,535.27,432.09,55.94,54.92999999999995,xml_geometry_csv_action
BootPass_49,135,19,19,Position_Unknown,Team_Unknown,Action_PreSnap,548.96,239.82,594.24,322.21,45.27999999999997,82.38999999999999,xml_geometry_csv_action
BootPass_49,135,2,2,Position_Unknown,Team_Unknown,Action_PreSnap,409.51,475.05,460.54,579.44,51.03000000000003,104.39000000000004,xml_geometry_csv_action
BootPass_49,135,20,20,Position_Unknown,Team_Unknown,Action_None,175.21,488.51,233.34,594.03,58.129999999999995,105.51999999999998,xml_geometry_csv_action
BootPass_49,135,21,21,Position_Unknown,Team_Unknown,Action_PreSnap,582.38,257.88,625.5,330.11,43.120000000000005,72.23000000000002,xml_geometry_csv_action
BootPass_49,135,22,22,Position_Unknown,Team_Unknown,Action_PreSnap,513.17,378.11,586.24,432.71,73.07000000000005,54.599999999999966,xml_geometry_csv_action
BootPass_49,135,3,3,Position_Unknown,Team_Unknown,Action_PreSnap,1716.17,480.9,1777.55,568.97,61.37999999999988,88.07000000000005,xml_geometry_csv_action
BootPass_49,135,4,4,Position_Unknown,Team_Unknown,Action_PreSnap,593.27,235.52,634.15,308.34,40.879999999999995,72.81999999999996,xml_geometry_csv_action
BootPass_49,135,5,5,Position_Unknown,Team_Unknown,Action_PreSnap,609.58,419.56,662.57,507.71,52.99000000000001,88.14999999999998,xml_geometry_csv_action
BootPass_49,135,6,6,Position_Unknown,Team_Unknown,Action_PreSnap,776.69,539.7,839.93,648.67,63.239999999999895,108.96999999999991,xml_geometry_csv_action
BootPass_49,135,7,7,Position_Unknown,Team_Unknown,Action_PreSnap,1133.66,489.6,1183.58,583.45,49.919999999999845,93.85000000000002,xml_geometry_csv_action
BootPass_49,135,8,8,Position_Unknown,Team_Unknown,Action_PreSnap,559.24,421.02,614.76,510.9,55.51999999999998,89.88,xml_geometry_csv_action
BootPass_49,135,9,9,Position_Unknown,Team_Unknown,Action_PreSnap,863.78,320.85,908.97,400.91,45.190000000000055,80.06,xml_geometry_csv_action
BootPass_49,136,1,1,Position_Unknown,Team_Unknown,Action_PreSnap,1627.63,506.37,1681.98,591.36,54.34999999999991,84.99000000000001,xml_geometry_csv_action
BootPass_49,136,10,10,Position_Unknown,Team_Unknown,Action_PreSnap,1578.76,345.46,1645.04,434.03,66.27999999999997,88.57,xml_geometry_csv_action
BootPass_49,136,11,11,Position_Unknown,Team_Unknown,Action_PreSnap,952.49,407.61,1021.58,492.78,69.09000000000003,85.16999999999996,xml_geometry_csv_action
BootPass_49,136,12,12,Position_Unknown,Team_Unknown,Action_PreSnap,466.15,252.23,507.54,342.47,41.39000000000004,90.24000000000004,xml_geometry_csv_action
BootPass_49,136,13,13,Position_Unknown,Team_Unknown,Action_PreSnap,1038.15,223.68,1082.45,308.22,44.299999999999955,84.54000000000002,xml_geometry_csv_action
BootPass_49,136,14,14,Position_Unknown,Team_Unknown,Action_PreSnap,1656.97,523.02,1716.65,619.89,59.680000000000064,96.87,xml_geometry_csv_action
BootPass_49,136,15,15,Position_Unknown,Team_Unknown,Action_PreSnap,566.5,307.42,609.47,409.14,42.97000000000003,101.71999999999997,xml_geometry_csv_action
BootPass_49,136,16,16,Position_Unknown,Team_Unknown,Action_PreSnap,644.5,333.67,693.9,437.58,49.39999999999998,103.90999999999997,xml_geometry_csv_action
BootPass_49,136,17,17,Position_Unknown,Team_Unknown,Action_PreSnap,722.41,318.41,769.73,401.78,47.32000000000005,83.36999999999995,xml_geometry_csv_action
BootPass_49,136,18,18,Position_Unknown,Team_Unknown,Action_PreSnap,475.25,375.65,527.0,432.45,51.75,56.80000000000001,xml_geometry_csv_action
BootPass_49,136,19,19,Position_Unknown,Team_Unknown,Action_PreSnap,544.5,235.76,589.76,321.19,45.25999999999999,85.43,xml_geometry_csv_action
BootPass_49,136,2,2,Position_Unknown,Team_Unknown,Action_PreSnap,402.88,473.79,454.08,578.74,51.19999999999999,104.94999999999999,xml_geometry_csv_action
BootPass_49,136,20,20,Position_Unknown,Team_Unknown,Action_None,169.82,487.3,229.86,595.61,60.04000000000002,108.31,xml_geometry_csv_action
BootPass_49,136,21,21,Position_Unknown,Team_Unknown,Action_PreSnap,579.52,251.51,625.8,327.7,46.27999999999997,76.19,xml_geometry_csv_action
BootPass_49,136,22,22,Position_Unknown,Team_Unknown,Action_PreSnap,508.49,375.83,579.44,428.71,70.95000000000005,52.879999999999995,xml_geometry_csv_action
BootPass_49,136,3,3,Position_Unknown,Team_Unknown,Action_PreSnap,1725.32,478.97,1782.94,568.89,57.62000000000012,89.91999999999996,xml_geometry_csv_action
BootPass_49,136,4,4,Position_Unknown,Team_Unknown,Action_PreSnap,588.81,233.6,629.16,307.05,40.35000000000002,73.45000000000002,xml_geometry_csv_action
BootPass_49,136,5,5,Position_Unknown,Team_Unknown,Action_PreSnap,603.46,418.28,657.19,505.41,53.73000000000002,87.13000000000005,xml_geometry_csv_action
BootPass_49,136,6,6,Position_Unknown,Team_Unknown,Action_PreSnap,781.31,539.56,838.98,647.13,57.67000000000007,107.57000000000005,xml_geometry_csv_action
BootPass_49,136,7,7,Position_Unknown,Team_Unknown,Action_PreSnap,1134.2,491.22,1187.0,583.94,52.799999999999955,92.72000000000003,xml_geometry_csv_action
BootPass_49,136,8,8,Position_Unknown,Team_Unknown,Action_PreSnap,552.37,417.17,607.28,509.18,54.90999999999997,92.00999999999999,xml_geometry_csv_action
BootPass_49,136,9,9,Position_Unknown,Team_Unknown,Action_PreSnap,862.84,318.83,909.38,399.06,46.539999999999964,80.23000000000002,xml_geometry_csv_action
BootPass_49,137,1,1,Position_Unknown,Team_Unknown,Action_PreSnap,1639.65,505.61,1690.13,592.8,50.48000000000002,87.18999999999994,xml_geometry_csv_action
BootPass_49,137,10,10,Position_Unknown,Team_Unknown,Action_PreSnap,1586.16,343.36,1648.76,433.08,62.59999999999991,89.71999999999997,xml_geometry_csv_action
BootPass_49,137,11,11,Position_Unknown,Team_Unknown,Action_PreSnap,950.33,406.68,1022.29,492.69,71.95999999999992,86.00999999999999,xml_geometry_csv_action
BootPass_49,137,12,12,Position_Unknown,Team_Unknown,Action_PreSnap,461.7,247.8,503.41,338.68,41.710000000000036,90.88,xml_geometry_csv_action
BootPass_49,137,13,13,Position_Unknown,Team_Unknown,Action_PreSnap,1034.77,220.99,1080.17,304.39,45.40000000000009,83.39999999999998,xml_geometry_csv_action
BootPass_49,137,14,14,Position_Unknown,Team_Unknown,Action_PreSnap,1662.09,520.07,1718.23,618.39,56.1400000000001,98.31999999999994,xml_geometry_csv_action
BootPass_49,137,15,15,Position_Unknown,Team_Unknown,Action_PreSnap,560.38,304.6,602.89,405.22,42.50999999999999,100.62,xml_geometry_csv_action
BootPass_49,137,16,16,Position_Unknown,Team_Unknown,Action_PreSnap,639.39,330.5,687.77,434.09,48.379999999999995,103.58999999999997,xml_geometry_csv_action
BootPass_49,137,17,17,Position_Unknown,Team_Unknown,Action_PreSnap,716.26,314.66,765.36,400.31,49.10000000000002,85.64999999999998,xml_geometry_csv_action
BootPass_49,137,18,18,Position_Unknown,Team_Unknown,Action_PreSnap,471.7,374.1,521.1,430.38,49.400000000000034,56.27999999999997,xml_geometry_csv_action
BootPass_49,137,19,19,Position_Unknown,Team_Unknown,Action_PreSnap,539.5,232.17,584.94,316.75,45.440000000000055,84.58000000000001,xml_geometry_csv_action
BootPass_49,137,2,2,Position_Unknown,Team_Unknown,Action_PreSnap,398.29,471.71,447.7,575.59,49.40999999999997,103.88000000000005,xml_geometry_csv_action
BootPass_49,137,20,20,Position_Unknown,Team_Unknown,Action_None,164.17,489.22,227.03,595.94,62.860000000000014,106.72000000000003,xml_geometry_csv_action
BootPass_49,137,21,21,Position_Unknown,Team_Unknown,Action_PreSnap,575.17,246.67,621.0,323.11,45.83000000000004,76.44000000000003,xml_geometry_csv_action
BootPass_49,137,22,22,Position_Unknown,Team_Unknown,Action_PreSnap,500.76,374.47,573.13,427.65,72.37,53.17999999999995,xml_geometry_csv_action
BootPass_49,137,3,3,Position_Unknown,Team_Unknown,Action_PreSnap,1737.38,477.24,1788.23,569.11,50.84999999999991,91.87,xml_geometry_csv_action
BootPass_49,137,5,5,Position_Unknown,Team_Unknown,Action_PreSnap,598.57,416.86,652.07,505.75,53.5,88.88999999999999,xml_geometry_csv_action
BootPass_49,137,6,6,Position_Unknown,Team_Unknown,Action_PreSnap,783.73,539.87,838.33,645.74,54.60000000000002,105.87,xml_geometry_csv_action
BootPass_49,137,7,7,Position_Unknown,Team_Unknown,Action_PreSnap,1132.48,492.33,1188.82,590.77,56.33999999999992,98.44,xml_geometry_csv_action
BootPass_49,137,8,8,Position_Unknown,Team_Unknown,Action_PreSnap,545.88,413.83,600.05,506.72,54.16999999999996,92.89000000000004,xml_geometry_csv_action
BootPass_49,137,9,9,Position_Unknown,Team_Unknown,Action_PreSnap,860.05,316.76,909.2,399.37,49.15000000000009,82.61000000000001,xml_geometry_csv_action
BootPass_49,138,1,1,Position_Unknown,Team_Unknown,Action_PreSnap,1649.47,500.37,1698.07,578.82,48.59999999999991,78.45000000000005,xml_geometry_csv_action
BootPass_49,138,10,10,Position_Unknown,Team_Unknown,Action_PreSnap,1593.41,341.89,1652.34,433.09,58.929999999999836,91.19999999999999,xml_geometry_csv_action
BootPass_49,138,11,11,Position_Unknown,Team_Unknown,Action_PreSnap,950.83,405.75,1022.11,491.9,71.27999999999997,86.14999999999998,xml_geometry_csv_action
BootPass_49,138,12,12,Position_Unknown,Team_Unknown,Action_PreSnap,457.53,243.99,498.48,334.69,40.950000000000045,90.69999999999999,xml_geometry_csv_action
BootPass_49,138,13,13,Position_Unknown,Team_Unknown,Action_PreSnap,1033.86,218.76,1081.14,299.97,47.2800000000002,81.21000000000004,xml_geometry_csv_action
BootPass_49,138,14,14,Position_Unknown,Team_Unknown,Action_PreSnap,1669.24,516.65,1719.75,611.44,50.50999999999999,94.79000000000008,xml_geometry_csv_action
BootPass_49,138,15,15,Position_Unknown,Team_Unknown,Action_PreSnap,554.51,301.11,596.42,402.04,41.90999999999997,100.93,xml_geometry_csv_action
BootPass_49,138,16,16,Position_Unknown,Team_Unknown,Action_PreSnap,633.55,327.66,680.88,429.6,47.33000000000004,101.94,xml_geometry_csv_action
BootPass_49,138,17,17,Position_Unknown,Team_Unknown,Action_PreSnap,713.11,311.33,762.18,400.3,49.069999999999936,88.97000000000003,xml_geometry_csv_action
BootPass_49,138,18,18,Position_Unknown,Team_Unknown,Action_PreSnap,468.93,371.82,521.56,426.92,52.62999999999994,55.10000000000002,xml_geometry_csv_action
BootPass_49,138,19,19,Position_Unknown,Team_Unknown,Action_PreSnap,534.84,229.11,580.27,311.68,45.42999999999995,82.57,xml_geometry_csv_action
BootPass_49,138,2,2,Position_Unknown,Team_Unknown,Action_PreSnap,395.67,469.23,443.33,570.74,47.65999999999997,101.50999999999999,xml_geometry_csv_action
BootPass_49,138,20,20,Position_Unknown,Team_Unknown,Action_None,158.37,489.49,225.52,596.33,67.15,106.84000000000003,xml_geometry_csv_action
BootPass_49,138,21,21,Position_Unknown,Team_Unknown,Action_PreSnap,570.5,238.54,615.22,320.98,44.72000000000003,82.44000000000003,xml_geometry_csv_action
BootPass_49,138,22,22,Position_Unknown,Team_Unknown,Action_PreSnap,498.92,373.22,568.84,427.23,69.92000000000002,54.00999999999999,xml_geometry_csv_action
BootPass_49,138,3,3,Position_Unknown,Team_Unknown,Action_PreSnap,1742.44,476.48,1794.93,570.64,52.49000000000001,94.15999999999997,xml_geometry_csv_action
BootPass_49,138,5,5,Position_Unknown,Team_Unknown,Action_PreSnap,594.71,415.39,647.5,506.1,52.789999999999964,90.71000000000004,xml_geometry_csv_action
BootPass_49,138,6,6,Position_Unknown,Team_Unknown,Action_PreSnap,785.82,540.82,837.94,645.48,52.120000000000005,104.65999999999997,xml_geometry_csv_action
BootPass_49,138,7,7,Position_Unknown,Team_Unknown,Action_PreSnap,1130.44,493.45,1190.12,599.9,59.679999999999836,106.44999999999999,xml_geometry_csv_action
BootPass_49,138,8,8,Position_Unknown,Team_Unknown,Action_PreSnap,539.06,411.05,593.34,504.59,54.280000000000086,93.53999999999996,xml_geometry_csv_action
BootPass_49,138,9,9,Position_Unknown,Team_Unknown,Action_PreSnap,861.91,314.67,909.43,397.91,47.51999999999998,83.24000000000001,xml_geometry_csv_action
BootPass_49,139,1,1,Position_Unknown,Team_Unknown,Action_PreSnap,1656.31,497.01,1706.02,580.86,49.710000000000036,83.85000000000002,xml_geometry_csv_action
BootPass_49,139,10,10,Position_Unknown,Team_Unknown,Action_PreSnap,1602.06,342.54,1654.23,433.2,52.17000000000007,90.65999999999997,xml_geometry_csv_action
BootPass_49,139,11,11,Position_Unknown,Team_Unknown,Action_PreSnap,958.61,405.21,1020.92,493.42,62.309999999999945,88.21000000000004,xml_geometry_csv_action
BootPass_49,139,12,12,Position_Unknown,Team_Unknown,Action_PreSnap,453.89,241.54,495.28,330.46,41.389999999999986,88.91999999999999,xml_geometry_csv_action
BootPass_49,139,13,13,Position_Unknown,Team_Unknown,Action_PreSnap,1033.25,217.59,1081.2,295.5,47.950000000000045,77.91,xml_geometry_csv_action
BootPass_49,139,14,14,Position_Unknown,Team_Unknown,Action_PreSnap,1671.35,513.4,1721.98,608.25,50.63000000000011,94.85000000000002,xml_geometry_csv_action
BootPass_49,139,15,15,Position_Unknown,Team_Unknown,Action_PreSnap,550.18,299.55,590.68,397.98,40.5,98.43,xml_geometry_csv_action
BootPass_49,139,16,16,Position_Unknown,Team_Unknown,Action_PreSnap,628.56,325.3,674.23,426.57,45.67000000000007,101.26999999999998,xml_geometry_csv_action
BootPass_49,139,17,17,Position_Unknown,Team_Unknown,Action_PreSnap,710.77,309.35,760.62,400.15,49.85000000000002,90.79999999999995,xml_geometry_csv_action
BootPass_49,139,19,19,Position_Unknown,Team_Unknown,Action_PreSnap,530.01,227.05,575.55,310.82,45.539999999999964,83.76999999999998,xml_geometry_csv_action
BootPass_49,139,2,2,Position_Unknown,Team_Unknown,Action_PreSnap,390.89,468.28,439.7,569.79,48.81,101.50999999999999,xml_geometry_csv_action
BootPass_49,139,20,20,Position_Unknown,Team_Unknown,Action_None,153.99,489.88,223.12,596.01,69.13,106.13,xml_geometry_csv_action
BootPass_49,139,21,21,Position_Unknown,Team_Unknown,Action_PreSnap,566.02,233.78,611.3,322.77,45.27999999999997,88.98999999999998,xml_geometry_csv_action
BootPass_49,139,22,22,Position_Unknown,Team_Unknown,Action_PreSnap,496.0,372.36,564.11,427.16,68.11000000000001,54.80000000000001,xml_geometry_csv_action
BootPass_49,139,3,3,Position_Unknown,Team_Unknown,Action_PreSnap,1744.66,476.9,1802.17,568.5,57.50999999999999,91.60000000000002,xml_geometry_csv_action
BootPass_49,139,5,5,Position_Unknown,Team_Unknown,Action_PreSnap,592.88,413.18,643.5,505.55,50.620000000000005,92.37,xml_geometry_csv_action
BootPass_49,139,6,6,Position_Unknown,Team_Unknown,Action_PreSnap,786.63,541.59,838.69,648.26,52.06000000000006,106.66999999999996,xml_geometry_csv_action
BootPass_49,139,7,7,Position_Unknown,Team_Unknown,Action_PreSnap,1131.22,496.2,1190.83,606.26,59.6099999999999,110.06,xml_geometry_csv_action
BootPass_49,139,8,8,Position_Unknown,Team_Unknown,Action_PreSnap,530.14,409.14,587.37,504.09,57.23000000000002,94.94999999999999,xml_geometry_csv_action
BootPass_49,139,9,9,Position_Unknown,Team_Unknown,Action_PreSnap,863.98,314.3,910.23,399.5,46.25,85.19999999999999,xml_geometry_csv_action
BootPass_49,140,1,1,Position_Unknown,Team_Unknown,Action_PreSnap,1662.65,493.86,1714.7,579.19,52.049999999999955,85.33000000000004,xml_geometry_csv_action
BootPass_49,140,10,10,Position_Unknown,Team_Unknown,Action_PreSnap,1605.47,343.56,1655.94,432.77,50.47000000000003,89.20999999999998,xml_geometry_csv_action
BootPass_49,140,11,11,Position_Unknown,Team_Unknown,Action_PreSnap,964.81,404.93,1018.84,494.02,54.030000000000086,89.08999999999997,xml_geometry_csv_action
BootPass_49,140,12,12,Position_Unknown,Team_Unknown,Action_PreSnap,450.36,239.91,491.14,326.39,40.77999999999997,86.47999999999999,xml_geometry_csv_action
BootPass_49,140,13,13,Position_Unknown,Team_Unknown,Action_PreSnap,1031.65,216.43,1079.94,292.58,48.289999999999964,76.14999999999998,xml_geometry_csv_action
BootPass_49,140,14,14,Position_Unknown,Team_Unknown,Action_PreSnap,1674.37,510.43,1726.1,604.56,51.73000000000002,94.12999999999994,xml_geometry_csv_action
BootPass_49,140,15,15,Position_Unknown,Team_Unknown,Action_PreSnap,543.97,298.0,585.38,395.75,41.40999999999997,97.75,xml_geometry_csv_action
BootPass_49,140,16,16,Position_Unknown,Team_Unknown,Action_PreSnap,623.23,322.51,668.03,423.09,44.799999999999955,100.57999999999998,xml_geometry_csv_action
BootPass_49,140,17,17,Position_Unknown,Team_Unknown,Action_PreSnap,708.34,308.24,760.24,400.2,51.89999999999998,91.95999999999998,xml_geometry_csv_action
BootPass_49,140,18,18,Position_Unknown,Team_Unknown,Action_PreSnap,457.93,367.68,511.94,425.16,54.00999999999999,57.48000000000002,xml_geometry_csv_action
BootPass_49,140,19,19,Position_Unknown,Team_Unknown,Action_PreSnap,524.42,226.13,570.25,310.14,45.83000000000004,84.00999999999999,xml_geometry_csv_action
BootPass_49,140,2,2,Position_Unknown,Team_Unknown,Action_PreSnap,386.95,466.74,435.4,568.12,48.44999999999999,101.38,xml_geometry_csv_action
BootPass_49,140,20,20,Position_Unknown,Team_Unknown,Action_None,149.94,489.2,219.97,595.51,70.03,106.31,xml_geometry_csv_action
BootPass_49,140,21,21,Position_Unknown,Team_Unknown,Action_PreSnap,562.6,230.83,607.2,321.63,44.60000000000002,90.79999999999998,xml_geometry_csv_action
BootPass_49,140,22,22,Position_Unknown,Team_Unknown,Action_PreSnap,493.88,371.3,559.36,427.74,65.48000000000002,56.44,xml_geometry_csv_action
BootPass_49,140,3,3,Position_Unknown,Team_Unknown,Action_PreSnap,1744.26,477.44,1808.6,568.16,64.33999999999992,90.71999999999997,xml_geometry_csv_action
BootPass_49,140,5,5,Position_Unknown,Team_Unknown,Action_PreSnap,588.4,411.71,639.14,504.4,50.74000000000001,92.69,xml_geometry_csv_action
BootPass_49,140,6,6,Position_Unknown,Team_Unknown,Action_PreSnap,787.03,542.04,838.43,651.84,51.39999999999998,109.80000000000007,xml_geometry_csv_action
BootPass_49,140,7,7,Position_Unknown,Team_Unknown,Action_PreSnap,1131.19,499.81,1188.52,609.78,57.32999999999993,109.96999999999997,xml_geometry_csv_action
BootPass_49,140,8,8,Position_Unknown,Team_Unknown,Action_PreSnap,523.2,407.92,580.42,503.64,57.219999999999914,95.71999999999997,xml_geometry_csv_action
BootPass_49,140,9,9,Position_Unknown,Team_Unknown,Action_PreSnap,866.07,314.39,911.17,398.96,45.09999999999991,84.57,xml_geometry_csv_action
BootPass_49,141,1,1,Position_Unknown,Team_Unknown,Action_PreSnap,1669.09,490.76,1722.92,575.02,53.830000000000155,84.25999999999999,xml_geometry_csv_action
BootPass_49,141,10,10,Position_Unknown,Team_Unknown,Action_PreSnap,1608.18,344.53,1661.42,434.2,53.24000000000001,89.67000000000002,xml_geometry_csv_action
BootPass_49,141,11,11,Position_Unknown,Team_Unknown,Action_PreSnap,969.4,404.85,1018.72,496.76,49.32000000000005,91.90999999999997,xml_geometry_csv_action
BootPass_49,141,12,12,Position_Unknown,Team_Unknown,Action_PreSnap,446.55,238.89,486.6,323.68,40.05000000000001,84.79000000000002,xml_geometry_csv_action
BootPass_49,141,13,13,Position_Unknown,Team_Unknown,Action_PreSnap,1030.18,214.91,1078.52,290.29,48.33999999999992,75.38000000000002,xml_geometry_csv_action
BootPass_49,141,14,14,Position_Unknown,Team_Unknown,Action_PreSnap,1676.53,507.93,1730.61,605.12,54.07999999999993,97.19,xml_geometry_csv_action
BootPass_49,141,15,15,Position_Unknown,Team_Unknown,Action_PreSnap,539.24,295.66,579.7,393.73,40.460000000000036,98.07,xml_geometry_csv_action
BootPass_49,141,16,16,Position_Unknown,Team_Unknown,Action_PreSnap,617.39,320.9,662.13,421.59,44.74000000000001,100.69,xml_geometry_csv_action
BootPass_49,141,17,17,Position_Unknown,Team_Unknown,Action_PreSnap,705.71,307.72,759.8,400.28,54.08999999999992,92.55999999999995,xml_geometry_csv_action
BootPass_49,141,18,18,Position_Unknown,Team_Unknown,Action_PreSnap,451.76,365.71,507.92,423.56,56.160000000000025,57.85000000000002,xml_geometry_csv_action
BootPass_49,141,19,19,Position_Unknown,Team_Unknown,Action_PreSnap,518.54,225.55,565.35,309.84,46.81000000000006,84.28999999999996,xml_geometry_csv_action
BootPass_49,141,2,2,Position_Unknown,Team_Unknown,Action_PreSnap,382.3,466.65,431.02,568.11,48.71999999999997,101.46000000000004,xml_geometry_csv_action
BootPass_49,141,20,20,Position_Unknown,Team_Unknown,Action_None,144.68,487.87,216.72,595.74,72.03999999999999,107.87,xml_geometry_csv_action
BootPass_49,141,21,21,Position_Unknown,Team_Unknown,Action_PreSnap,561.37,229.5,605.6,322.96,44.23000000000002,93.45999999999998,xml_geometry_csv_action
BootPass_49,141,22,22,Position_Unknown,Team_Unknown,Action_PreSnap,492.7,370.8,556.98,427.82,64.28000000000003,57.01999999999998,xml_geometry_csv_action
BootPass_49,141,3,3,Position_Unknown,Team_Unknown,Action_PreSnap,1746.98,477.69,1813.5,574.59,66.51999999999998,96.90000000000003,xml_geometry_csv_action
BootPass_49,141,5,5,Position_Unknown,Team_Unknown,Action_PreSnap,583.52,411.38,633.82,503.66,50.30000000000007,92.28000000000003,xml_geometry_csv_action
BootPass_49,141,6,6,Position_Unknown,Team_Unknown,Action_PreSnap,786.96,542.98,838.5,655.44,51.539999999999964,112.46000000000004,xml_geometry_csv_action
BootPass_49,141,7,7,Position_Unknown,Team_Unknown,Action_PreSnap,1131.81,504.15,1185.27,611.65,53.460000000000036,107.5,xml_geometry_csv_action
BootPass_49,141,8,8,Position_Unknown,Team_Unknown,Action_PreSnap,517.07,407.87,574.29,504.55,57.219999999999914,96.68,xml_geometry_csv_action
BootPass_49,141,9,9,Position_Unknown,Team_Unknown,Action_PreSnap,867.37,315.05,911.99,397.8,44.620000000000005,82.75,xml_geometry_csv_action
BootPass_49,142,1,1,Position_Unknown,Team_Unknown,Action_PreSnap,1678.23,487.64,1731.59,570.68,53.3599999999999,83.03999999999996,xml_geometry_csv_action
BootPass_49,142,10,10,Position_Unknown,Team_Unknown,Action_PreSnap,1610.88,344.42,1664.61,437.26,53.72999999999979,92.83999999999997,xml_geometry_csv_action
BootPass_49,142,11,11,Position_Unknown,Team_Unknown,Action_PreSnap,972.08,404.56,1018.96,496.77,46.879999999999995,92.20999999999998,xml_geometry_csv_action
BootPass_49,142,12,12,Position_Unknown,Team_Unknown,Action_PreSnap,442.9,237.88,483.09,321.78,40.19,83.89999999999998,xml_geometry_csv_action
BootPass_49,142,13,13,Position_Unknown,Team_Unknown,Action_PreSnap,1028.16,213.61,1077.26,288.87,49.09999999999991,75.25999999999999,xml_geometry_csv_action
BootPass_49,142,14,14,Position_Unknown,Team_Unknown,Action_PreSnap,1679.62,505.98,1733.51,604.41,53.8900000000001,98.42999999999995,xml_geometry_csv_action
BootPass_49,142,15,15,Position_Unknown,Team_Unknown,Action_PreSnap,532.98,292.22,573.56,392.95,40.57999999999993,100.72999999999996,xml_geometry_csv_action
BootPass_49,142,16,16,Position_Unknown,Team_Unknown,Action_PreSnap,612.25,320.58,656.78,420.42,44.52999999999997,99.84000000000003,xml_geometry_csv_action
BootPass_49,142,17,17,Position_Unknown,Team_Unknown,Action_PreSnap,703.05,308.0,758.2,399.69,55.15000000000009,91.69,xml_geometry_csv_action
BootPass_49,142,18,18,Position_Unknown,Team_Unknown,Action_PreSnap,447.88,364.87,505.0,422.93,57.120000000000005,58.06,xml_geometry_csv_action
BootPass_49,142,19,19,Position_Unknown,Team_Unknown,Action_PreSnap,513.18,224.83,559.19,309.1,46.010000000000105,84.27000000000001,xml_geometry_csv_action
BootPass_49,142,2,2,Position_Unknown,Team_Unknown,Action_PreSnap,377.89,466.77,425.96,569.11,48.06999999999999,102.34000000000003,xml_geometry_csv_action
BootPass_49,142,20,20,Position_Unknown,Team_Unknown,Action_None,141.36,487.63,211.96,594.8,70.6,107.16999999999996,xml_geometry_csv_action
BootPass_49,142,21,21,Position_Unknown,Team_Unknown,Action_PreSnap,557.66,231.21,601.99,323.99,44.33000000000004,92.78,xml_geometry_csv_action
BootPass_49,142,3,3,Position_Unknown,Team_Unknown,Action_PreSnap,1751.84,478.53,1819.53,578.93,67.69000000000005,100.39999999999998,xml_geometry_csv_action
BootPass_49,142,5,5,Position_Unknown,Team_Unknown,Action_PreSnap,577.74,410.28,628.2,504.15,50.460000000000036,93.87,xml_geometry_csv_action
BootPass_49,142,6,6,Position_Unknown,Team_Unknown,Action_PreSnap,789.27,545.02,838.49,658.78,49.22000000000003,113.75999999999999,xml_geometry_csv_action
BootPass_49,142,7,7,Position_Unknown,Team_Unknown,Action_PreSnap,1132.33,508.11,1181.77,611.05,49.440000000000055,102.93999999999994,xml_geometry_csv_action
BootPass_49,142,8,8,Position_Unknown,Team_Unknown,Action_PreSnap,509.41,408.24,568.2,506.38,58.79000000000002,98.13999999999999,xml_geometry_csv_action
BootPass_49,142,9,9,Position_Unknown,Team_Unknown,Action_PreSnap,867.67,315.81,912.57,398.07,44.90000000000009,82.25999999999999,xml_geometry_csv_action
BootPass_49,143,1,1,Position_Unknown,Team_Unknown,Action_PreSnap,1692.78,484.54,1741.0,573.3,48.22000000000003,88.75999999999993,xml_geometry_csv_action
BootPass_49,143,10,10,Position_Unknown,Team_Unknown,Action_PreSnap,1613.62,344.4,1666.46,436.66,52.840000000000146,92.26000000000005,xml_geometry_csv_action
BootPass_49,143,11,11,Position_Unknown,Team_Unknown,Action_PreSnap,971.37,404.55,1019.71,497.88,48.34000000000003,93.32999999999998,xml_geometry_csv_action
BootPass_49,143,12,12,Position_Unknown,Team_Unknown,Action_PreSnap,440.27,236.42,480.49,319.49,40.22000000000003,83.07000000000002,xml_geometry_csv_action
BootPass_49,143,13,13,Position_Unknown,Team_Unknown,Action_PreSnap,1026.77,213.19,1075.02,288.61,48.25,75.42000000000002,xml_geometry_csv_action
BootPass_49,143,14,14,Position_Unknown,Team_Unknown,Action_PreSnap,1686.67,507.11,1737.58,606.17,50.909999999999854,99.05999999999995,xml_geometry_csv_action
BootPass_49,143,15,15,Position_Unknown,Team_Unknown,Action_PreSnap,526.71,290.63,567.51,392.25,40.799999999999955,101.62,xml_geometry_csv_action
BootPass_49,143,16,16,Position_Unknown,Team_Unknown,Action_PreSnap,607.98,320.17,651.88,419.49,43.89999999999998,99.32,xml_geometry_csv_action
BootPass_49,143,17,17,Position_Unknown,Team_Unknown,Action_PreSnap,699.42,309.12,755.77,399.44,56.35000000000002,90.32,xml_geometry_csv_action
BootPass_49,143,19,19,Position_Unknown,Team_Unknown,Action_PreSnap,507.02,224.25,554.42,308.58,47.39999999999998,84.32999999999998,xml_geometry_csv_action
BootPass_49,143,2,2,Position_Unknown,Team_Unknown,Action_PreSnap,373.25,468.17,421.27,570.35,48.01999999999998,102.18,xml_geometry_csv_action
BootPass_49,143,20,20,Position_Unknown,Team_Unknown,Action_None,138.37,487.03,208.11,595.26,69.74000000000001,108.23000000000002,xml_geometry_csv_action
BootPass_49,143,21,21,Position_Unknown,Team_Unknown,Action_PreSnap,554.48,230.01,598.48,323.93,44.0,93.92000000000002,xml_geometry_csv_action
BootPass_49,143,3,3,Position_Unknown,Team_Unknown,Action_PreSnap,1764.65,479.12,1825.32,581.27,60.669999999999845,102.14999999999998,xml_geometry_csv_action
BootPass_49,143,5,5,Position_Unknown,Team_Unknown,Action_PreSnap,571.57,411.41,623.99,504.19,52.41999999999996,92.77999999999997,xml_geometry_csv_action
BootPass_49,143,6,6,Position_Unknown,Team_Unknown,Action_PreSnap,791.96,547.9,839.38,661.94,47.41999999999996,114.04000000000008,xml_geometry_csv_action
BootPass_49,143,7,7,Position_Unknown,Team_Unknown,Action_PreSnap,1132.74,512.22,1179.55,615.64,46.809999999999945,103.41999999999996,xml_geometry_csv_action
BootPass_49,143,8,8,Position_Unknown,Team_Unknown,Action_PreSnap,501.52,409.38,563.63,507.13,62.110000000000014,97.75,xml_geometry_csv_action
BootPass_49,143,9,9,Position_Unknown,Team_Unknown,Action_PreSnap,866.43,316.54,914.52,397.66,48.09000000000003,81.12,xml_geometry_csv_action
BootPass_49,144,1,1,Position_Unknown,Team_Unknown,Action_PreSnap,1704.47,482.48,1752.41,566.14,47.940000000000055,83.65999999999997,xml_geometry_csv_action
BootPass_49,144,10,10,Position_Unknown,Team_Unknown,Action_PreSnap,1615.0,345.02,1671.56,438.26,56.559999999999945,93.24000000000001,xml_geometry_csv_action
BootPass_49,144,11,11,Position_Unknown,Team_Unknown,Action_PreSnap,968.96,405.49,1021.68,502.49,52.719999999999914,97.0,xml_geometry_csv_action
BootPass_49,144,12,12,Position_Unknown,Team_Unknown,Action_PreSnap,437.14,235.54,477.25,318.35,40.110000000000014,82.81000000000003,xml_geometry_csv_action
BootPass_49,144,13,13,Position_Unknown,Team_Unknown,Action_PreSnap,1024.55,212.2,1071.99,289.62,47.440000000000055,77.42000000000002,xml_geometry_csv_action
BootPass_49,144,14,14,Position_Unknown,Team_Unknown,Action_PreSnap,1694.75,508.53,1743.61,609.79,48.8599999999999,101.25999999999999,xml_geometry_csv_action
BootPass_49,144,15,15,Position_Unknown,Team_Unknown,Action_PreSnap,521.6,289.48,563.06,392.1,41.45999999999992,102.62,xml_geometry_csv_action
BootPass_49,144,16,16,Position_Unknown,Team_Unknown,Action_PreSnap,601.85,320.86,647.46,420.15,45.610000000000014,99.28999999999996,xml_geometry_csv_action
BootPass_49,144,17,17,Position_Unknown,Team_Unknown,Action_PreSnap,695.87,310.72,753.15,399.44,57.27999999999997,88.71999999999997,xml_geometry_csv_action
BootPass_49,144,19,19,Position_Unknown,Team_Unknown,Action_PreSnap,501.32,223.93,549.0,310.87,47.68000000000001,86.94,xml_geometry_csv_action
BootPass_49,144,2,2,Position_Unknown,Team_Unknown,Action_PreSnap,368.69,470.45,417.94,574.72,49.25,104.27000000000004,xml_geometry_csv_action
BootPass_49,144,20,20,Position_Unknown,Team_Unknown,Action_None,136.24,484.59,204.12,594.7,67.88,110.11000000000007,xml_geometry_csv_action
BootPass_49,144,21,21,Position_Unknown,Team_Unknown,Action_PreSnap,552.42,230.46,597.02,325.04,44.60000000000002,94.58000000000001,xml_geometry_csv_action
BootPass_49,144,3,3,Position_Unknown,Team_Unknown,Action_PreSnap,1775.62,480.69,1831.66,582.23,56.04000000000019,101.54000000000002,xml_geometry_csv_action
BootPass_49,144,5,5,Position_Unknown,Team_Unknown,Action_PreSnap,567.86,414.65,619.42,506.07,51.559999999999945,91.42000000000002,xml_geometry_csv_action
BootPass_49,144,6,6,Position_Unknown,Team_Unknown,Action_PreSnap,794.19,551.24,840.95,665.03,46.75999999999999,113.78999999999996,xml_geometry_csv_action
BootPass_49,144,7,7,Position_Unknown,Team_Unknown,Action_PreSnap,1132.15,516.5,1178.83,626.04,46.679999999999836,109.53999999999996,xml_geometry_csv_action
BootPass_49,144,8,8,Position_Unknown,Team_Unknown,Action_PreSnap,492.16,410.78,560.11,508.14,67.94999999999999,97.36000000000001,xml_geometry_csv_action
BootPass_49,144,9,9,Position_Unknown,Team_Unknown,Action_PreSnap,863.98,316.99,916.48,399.07,52.5,82.07999999999998,xml_geometry_csv_action
BootPass_49,145,1,1,Position_Unknown,Team_Unknown,Action_PreSnap,1716.5,480.58,1762.22,571.65,45.72000000000003,91.07,xml_geometry_csv_action
BootPass_49,145,10,10,Position_Unknown,Team_Unknown,Action_PreSnap,1622.8,346.53,1677.62,439.27,54.819999999999936,92.74000000000001,xml_geometry_csv_action
BootPass_49,145,11,11,Position_Unknown,Team_Unknown,Action_PreSnap,968.34,406.86,1024.38,504.58,56.04000000000008,97.71999999999997,xml_geometry_csv_action
BootPass_49,145,12,12,Position_Unknown,Team_Unknown,Action_PreSnap,434.66,234.97,474.15,318.45,39.48999999999995,83.47999999999999,xml_geometry_csv_action
BootPass_49,145,13,13,Position_Unknown,Team_Unknown,Action_PreSnap,1021.7,211.86,1070.21,291.6,48.50999999999999,79.74000000000001,xml_geometry_csv_action
BootPass_49,145,14,14,Position_Unknown,Team_Unknown,Action_PreSnap,1698.83,511.29,1747.12,613.2,48.289999999999964,101.91000000000003,xml_geometry_csv_action
BootPass_49,145,15,15,Position_Unknown,Team_Unknown,Action_PreSnap,517.82,291.9,558.92,391.84,41.09999999999991,99.94,xml_geometry_csv_action
BootPass_49,145,16,16,Position_Unknown,Team_Unknown,Action_PreSnap,596.76,321.47,644.1,421.05,47.34000000000003,99.57999999999998,xml_geometry_csv_action
BootPass_49,145,17,17,Position_Unknown,Team_Unknown,Action_PreSnap,692.71,312.61,751.11,401.05,58.39999999999998,88.44,xml_geometry_csv_action
BootPass_49,145,19,19,Position_Unknown,Team_Unknown,Action_PreSnap,496.63,223.99,544.15,311.35,47.51999999999998,87.36000000000001,xml_geometry_csv_action
BootPass_49,145,2,2,Position_Unknown,Team_Unknown,Action_PreSnap,365.55,473.34,415.63,577.58,50.079999999999984,104.24000000000007,xml_geometry_csv_action
BootPass_49,145,20,20,Position_Unknown,Team_Unknown,Action_None,134.4,482.79,200.96,594.73,66.56,111.94,xml_geometry_csv_action
BootPass_49,145,21,21,Position_Unknown,Team_Unknown,Action_PreSnap,549.51,231.99,594.77,324.66,45.25999999999999,92.67000000000002,xml_geometry_csv_action
BootPass_49,145,22,22,Position_Unknown,Team_Unknown,Action_PreSnap,474.8,366.23,544.09,430.46,69.29000000000002,64.22999999999996,xml_geometry_csv_action
BootPass_49,145,3,3,Position_Unknown,Team_Unknown,Action_PreSnap,1783.51,483.18,1842.85,580.92,59.33999999999992,97.73999999999995,xml_geometry_csv_action
BootPass_49,145,4,4,Position_Unknown,Team_Unknown,Action_PreSnap,565.14,222.19,601.17,292.69,36.02999999999997,70.5,xml_geometry_csv_action
BootPass_49,145,5,5,Position_Unknown,Team_Unknown,Action_PreSnap,561.18,419.03,616.46,506.65,55.280000000000086,87.62,xml_geometry_csv_action
BootPass_49,145,6,6,Position_Unknown,Team_Unknown,Action_PreSnap,797.76,555.11,845.81,666.83,48.049999999999955,111.72000000000003,xml_geometry_csv_action
BootPass_49,145,7,7,Position_Unknown,Team_Unknown,Action_PreSnap,1131.27,521.56,1178.8,636.12,47.52999999999997,114.56000000000006,xml_geometry_csv_action
BootPass_49,145,8,8,Position_Unknown,Team_Unknown,Action_PreSnap,484.06,413.77,552.22,507.97,68.16000000000003,94.20000000000005,xml_geometry_csv_action
BootPass_49,145,9,9,Position_Unknown,Team_Unknown,Action_PreSnap,859.04,318.08,918.66,401.47,59.620000000000005,83.39000000000004,xml_geometry_csv_action
BootPass_49,146,1,1,Position_Unknown,Team_Unknown,Action_PreSnap,1726.28,478.76,1776.15,577.73,49.87000000000012,98.97000000000003,xml_geometry_csv_action
BootPass_49,146,10,10,Position_Unknown,Team_Unknown,Action_PreSnap,1630.68,349.54,1685.1,442.53,54.419999999999845,92.98999999999995,xml_geometry_csv_action
BootPass_49,146,11,11,Position_Unknown,Team_Unknown,Action_PreSnap,971.06,408.91,1028.57,506.7,57.50999999999999,97.78999999999996,xml_geometry_csv_action
BootPass_49,146,12,12,Position_Unknown,Team_Unknown,Action_PreSnap,433.58,235.15,472.21,317.19,38.629999999999995,82.03999999999999,xml_geometry_csv_action
BootPass_49,146,13,13,Position_Unknown,Team_Unknown,Action_PreSnap,1021.83,211.89,1071.61,289.62,49.77999999999986,77.73000000000002,xml_geometry_csv_action
BootPass_49,146,14,14,Position_Unknown,Team_Unknown,Action_PreSnap,1700.45,513.06,1754.11,614.38,53.659999999999854,101.32000000000005,xml_geometry_csv_action
BootPass_49,146,15,15,Position_Unknown,Team_Unknown,Action_PreSnap,513.98,292.58,555.73,392.37,41.75,99.79000000000002,xml_geometry_csv_action
BootPass_49,146,16,16,Position_Unknown,Team_Unknown,Action_PreSnap,592.96,322.43,641.74,422.29,48.77999999999997,99.86000000000001,xml_geometry_csv_action
BootPass_49,146,17,17,Position_Unknown,Team_Unknown,Action_PreSnap,688.64,314.64,748.85,402.91,60.210000000000036,88.27000000000004,xml_geometry_csv_action
BootPass_49,146,19,19,Position_Unknown,Team_Unknown,Action_PreSnap,492.24,224.58,539.58,311.84,47.34000000000003,87.25999999999996,xml_geometry_csv_action
BootPass_49,146,2,2,Position_Unknown,Team_Unknown,Action_PreSnap,362.63,476.44,414.72,584.86,52.09000000000003,108.42000000000002,xml_geometry_csv_action
BootPass_49,146,20,20,Position_Unknown,Team_Unknown,Action_None,136.34,481.69,200.32,593.86,63.97999999999999,112.17000000000002,xml_geometry_csv_action
BootPass_49,146,21,21,Position_Unknown,Team_Unknown,Action_PreSnap,548.44,232.31,594.39,324.33,45.94999999999993,92.01999999999998,xml_geometry_csv_action
BootPass_49,146,22,22,Position_Unknown,Team_Unknown,Action_PreSnap,473.22,364.76,543.5,432.29,70.27999999999997,67.53000000000003,xml_geometry_csv_action
BootPass_49,146,3,3,Position_Unknown,Team_Unknown,Action_PreSnap,1787.47,483.76,1853.38,581.95,65.91000000000008,98.19000000000005,xml_geometry_csv_action
BootPass_49,146,4,4,Position_Unknown,Team_Unknown,Action_PreSnap,565.26,222.09,600.91,294.17,35.64999999999998,72.08000000000001,xml_geometry_csv_action
BootPass_49,146,5,5,Position_Unknown,Team_Unknown,Action_PreSnap,557.42,422.63,614.04,508.14,56.620000000000005,85.50999999999999,xml_geometry_csv_action
BootPass_49,146,6,6,Position_Unknown,Team_Unknown,Action_PreSnap,795.82,558.65,851.1,668.86,55.27999999999997,110.21000000000004,xml_geometry_csv_action
BootPass_49,146,7,7,Position_Unknown,Team_Unknown,Action_PreSnap,1132.31,527.49,1181.49,644.39,49.180000000000064,116.89999999999998,xml_geometry_csv_action
BootPass_49,146,8,8,Position_Unknown,Team_Unknown,Action_PreSnap,478.1,416.53,548.87,508.46,70.76999999999998,91.93,xml_geometry_csv_action
BootPass_49,146,9,9,Position_Unknown,Team_Unknown,Action_PreSnap,857.53,319.29,920.87,403.48,63.34000000000003,84.19,xml_geometry_csv_action
BootPass_49,147,1,1,Position_Unknown,Team_Unknown,Action_PreSnap,1737.03,476.97,1786.37,579.62,49.33999999999992,102.64999999999998,xml_geometry_csv_action
BootPass_49,147,10,10,Position_Unknown,Team_Unknown,Action_PreSnap,1639.06,352.78,1690.19,442.72,51.13000000000011,89.94000000000005,xml_geometry_csv_action
BootPass_49,147,11,11,Position_Unknown,Team_Unknown,Action_PreSnap,976.57,411.03,1032.02,506.89,55.44999999999993,95.86000000000001,xml_geometry_csv_action
BootPass_49,147,12,12,Position_Unknown,Team_Unknown,Action_PreSnap,432.0,235.42,470.49,314.7,38.49000000000001,79.28,xml_geometry_csv_action
BootPass_49,147,13,13,Position_Unknown,Team_Unknown,Action_PreSnap,1023.82,211.43,1071.97,288.43,48.14999999999998,77.0,xml_geometry_csv_action
BootPass_49,147,14,14,Position_Unknown,Team_Unknown,Action_PreSnap,1701.22,512.2,1760.51,615.18,59.289999999999964,102.9799999999999,xml_geometry_csv_action
BootPass_49,147,15,15,Position_Unknown,Team_Unknown,Action_PreSnap,510.6,293.91,552.42,391.64,41.819999999999936,97.72999999999996,xml_geometry_csv_action
BootPass_49,147,16,16,Position_Unknown,Team_Unknown,Action_PreSnap,589.68,323.19,638.86,422.84,49.180000000000064,99.64999999999998,xml_geometry_csv_action
BootPass_49,147,17,17,Position_Unknown,Team_Unknown,Action_PreSnap,684.45,316.25,744.18,402.31,59.729999999999905,86.06,xml_geometry_csv_action
BootPass_49,147,19,19,Position_Unknown,Team_Unknown,Action_PreSnap,488.36,224.75,535.33,311.28,46.97000000000003,86.52999999999997,xml_geometry_csv_action
BootPass_49,147,2,2,Position_Unknown,Team_Unknown,Action_PreSnap,360.95,479.07,413.13,587.13,52.18000000000001,108.06,xml_geometry_csv_action
BootPass_49,147,20,20,Position_Unknown,Team_Unknown,Action_None,138.12,480.75,198.99,593.28,60.870000000000005,112.52999999999997,xml_geometry_csv_action
BootPass_49,147,21,21,Position_Unknown,Team_Unknown,Action_PreSnap,547.14,231.05,593.71,321.87,46.57000000000005,90.82,xml_geometry_csv_action
BootPass_49,147,22,22,Position_Unknown,Team_Unknown,Action_PreSnap,472.85,363.25,540.4,433.45,67.54999999999995,70.19999999999999,xml_geometry_csv_action
BootPass_49,147,3,3,Position_Unknown,Team_Unknown,Action_PreSnap,1794.54,484.55,1862.39,581.68,67.85000000000014,97.12999999999994,xml_geometry_csv_action
BootPass_49,147,4,4,Position_Unknown,Team_Unknown,Action_PreSnap,567.73,222.12,603.3,295.51,35.569999999999936,73.38999999999999,xml_geometry_csv_action
BootPass_49,147,5,5,Position_Unknown,Team_Unknown,Action_PreSnap,554.83,425.47,611.4,509.13,56.569999999999936,83.65999999999997,xml_geometry_csv_action
BootPass_49,147,6,6,Position_Unknown,Team_Unknown,Action_PreSnap,797.59,561.68,856.6,670.25,59.00999999999999,108.57000000000005,xml_geometry_csv_action
BootPass_49,147,7,7,Position_Unknown,Team_Unknown,Action_PreSnap,1134.29,533.77,1183.21,647.55,48.92000000000007,113.77999999999997,xml_geometry_csv_action
BootPass_49,147,8,8,Position_Unknown,Team_Unknown,Action_PreSnap,475.8,420.24,542.17,505.94,66.36999999999995,85.69999999999999,xml_geometry_csv_action
BootPass_49,147,9,9,Position_Unknown,Team_Unknown,Action_PreSnap,867.46,320.4,922.84,405.05,55.379999999999995,84.65000000000003,xml_geometry_csv_action
BootPass_49,148,1,1,Position_Unknown,Team_Unknown,Action_PreSnap,1745.41,475.99,1793.12,577.21,47.70999999999981,101.22000000000003,xml_geometry_csv_action
BootPass_49,148,10,10,Position_Unknown,Team_Unknown,Action_PreSnap,1648.47,357.13,1694.04,444.19,45.569999999999936,87.06,xml_geometry_csv_action
BootPass_49,148,11,11,Position_Unknown,Team_Unknown,Action_PreSnap,982.91,414.31,1034.3,506.73,51.389999999999986,92.42000000000002,xml_geometry_csv_action
BootPass_49,148,12,12,Position_Unknown,Team_Unknown,Action_PreSnap,429.88,234.92,468.38,312.5,38.5,77.58000000000001,xml_geometry_csv_action
BootPass_49,148,13,13,Position_Unknown,Team_Unknown,Action_PreSnap,1024.04,210.75,1070.95,289.33,46.91000000000008,78.57999999999998,xml_geometry_csv_action
BootPass_49,148,14,14,Position_Unknown,Team_Unknown,Action_PreSnap,1698.85,510.72,1768.66,614.31,69.81000000000017,103.58999999999992,xml_geometry_csv_action
BootPass_49,148,15,15,Position_Unknown,Team_Unknown,Action_PreSnap,505.84,295.86,547.48,390.22,41.64000000000004,94.36000000000001,xml_geometry_csv_action
BootPass_49,148,16,16,Position_Unknown,Team_Unknown,Action_PreSnap,585.82,324.52,635.35,422.69,49.52999999999997,98.17000000000002,xml_geometry_csv_action
BootPass_49,148,17,17,Position_Unknown,Team_Unknown,Action_PreSnap,679.23,317.93,737.53,402.18,58.299999999999955,84.25,xml_geometry_csv_action
BootPass_49,148,19,19,Position_Unknown,Team_Unknown,Action_PreSnap,483.74,225.78,530.33,309.26,46.59000000000003,83.47999999999999,xml_geometry_csv_action
BootPass_49,148,2,2,Position_Unknown,Team_Unknown,Action_PreSnap,358.52,482.18,411.51,587.61,52.99000000000001,105.43,xml_geometry_csv_action
BootPass_49,148,20,20,Position_Unknown,Team_Unknown,Action_None,139.28,482.64,197.73,592.42,58.44999999999999,109.77999999999997,xml_geometry_csv_action
BootPass_49,148,21,21,Position_Unknown,Team_Unknown,Action_PreSnap,544.08,230.16,593.37,319.85,49.289999999999964,89.69000000000003,xml_geometry_csv_action
BootPass_49,148,22,22,Position_Unknown,Team_Unknown,Action_PreSnap,473.5,362.1,535.36,434.4,61.860000000000014,72.29999999999995,xml_geometry_csv_action
BootPass_49,148,3,3,Position_Unknown,Team_Unknown,Action_PreSnap,1801.89,484.26,1873.01,583.83,71.11999999999989,99.57000000000005,xml_geometry_csv_action
BootPass_49,148,4,4,Position_Unknown,Team_Unknown,Action_PreSnap,570.85,222.6,606.2,295.8,35.35000000000002,73.20000000000002,xml_geometry_csv_action
BootPass_49,148,5,5,Position_Unknown,Team_Unknown,Action_PreSnap,550.14,427.59,607.43,508.32,57.289999999999964,80.73000000000002,xml_geometry_csv_action
BootPass_49,148,6,6,Position_Unknown,Team_Unknown,Action_PreSnap,800.65,564.1,861.89,669.61,61.24000000000001,105.50999999999999,xml_geometry_csv_action
BootPass_49,148,7,7,Position_Unknown,Team_Unknown,Action_PreSnap,1135.52,541.29,1185.2,647.36,49.680000000000064,106.07000000000005,xml_geometry_csv_action
BootPass_49,148,8,8,Position_Unknown,Team_Unknown,Action_PreSnap,471.31,423.12,535.06,504.6,63.74999999999994,81.48000000000002,xml_geometry_csv_action
BootPass_49,148,9,9,Position_Unknown,Team_Unknown,Action_PreSnap,874.31,322.67,924.02,406.54,49.710000000000036,83.87,xml_geometry_csv_action
BootPass_49,149,1,1,Position_Unknown,Team_Unknown,Action_PreSnap,1753.57,474.26,1800.52,578.39,46.950000000000045,104.13,xml_geometry_csv_action
BootPass_49,149,10,10,Position_Unknown,Team_Unknown,Action_PreSnap,1654.65,358.86,1699.79,445.41,45.13999999999987,86.55000000000001,xml_geometry_csv_action
BootPass_49,149,11,11,Position_Unknown,Team_Unknown,Action_PreSnap,986.32,416.56,1036.63,505.88,50.31000000000006,89.32,xml_geometry_csv_action
BootPass_49,149,12,12,Position_Unknown,Team_Unknown,Action_PreSnap,427.01,234.19,466.54,311.95,39.53000000000003,77.75999999999999,xml_geometry_csv_action
BootPass_49,149,13,13,Position_Unknown,Team_Unknown,Action_PreSnap,1023.83,210.3,1070.09,288.25,46.25999999999988,77.94999999999999,xml_geometry_csv_action
BootPass_49,149,14,14,Position_Unknown,Team_Unknown,Action_PreSnap,1699.16,508.68,1776.03,613.69,76.86999999999989,105.01000000000005,xml_geometry_csv_action
BootPass_49,149,15,15,Position_Unknown,Team_Unknown,Action_PreSnap,501.31,296.17,542.59,389.14,41.28000000000003,92.96999999999997,xml_geometry_csv_action
BootPass_49,149,16,16,Position_Unknown,Team_Unknown,Action_PreSnap,582.99,325.1,631.95,423.53,48.960000000000036,98.42999999999995,xml_geometry_csv_action
BootPass_49,149,17,17,Position_Unknown,Team_Unknown,Action_PreSnap,673.81,318.95,731.76,403.15,57.950000000000045,84.19999999999999,xml_geometry_csv_action
BootPass_49,149,18,18,Position_Unknown,Team_Unknown,Action_PreSnap,435.48,353.98,483.82,418.75,48.339999999999975,64.76999999999998,xml_geometry_csv_action
BootPass_49,149,19,19,Position_Unknown,Team_Unknown,Action_PreSnap,479.78,226.12,526.52,309.1,46.74000000000001,82.98000000000002,xml_geometry_csv_action
BootPass_49,149,2,2,Position_Unknown,Team_Unknown,Action_PreSnap,355.53,484.53,409.25,588.65,53.72000000000003,104.12,xml_geometry_csv_action
BootPass_49,149,20,20,Position_Unknown,Team_Unknown,Action_None,139.83,482.79,197.51,591.82,57.67999999999998,109.03000000000003,xml_geometry_csv_action
BootPass_49,149,21,21,Position_Unknown,Team_Unknown,Action_PreSnap,542.33,229.91,592.14,318.35,49.809999999999945,88.44000000000003,xml_geometry_csv_action
BootPass_49,149,22,22,Position_Unknown,Team_Unknown,Action_PreSnap,473.24,360.94,528.8,435.08,55.559999999999945,74.13999999999999,xml_geometry_csv_action
BootPass_49,149,3,3,Position_Unknown,Team_Unknown,Action_PreSnap,1816.78,484.34,1879.81,587.49,63.02999999999997,103.15000000000003,xml_geometry_csv_action
BootPass_49,149,4,4,Position_Unknown,Team_Unknown,Action_PreSnap,572.08,222.59,608.51,295.37,36.42999999999995,72.78,xml_geometry_csv_action
BootPass_49,149,5,5,Position_Unknown,Team_Unknown,Action_PreSnap,544.37,429.23,603.19,507.94,58.82000000000005,78.70999999999998,xml_geometry_csv_action
BootPass_49,149,6,6,Position_Unknown,Team_Unknown,Action_PreSnap,802.85,565.73,867.95,670.43,65.10000000000002,104.69999999999993,xml_geometry_csv_action
BootPass_49,149,7,7,Position_Unknown,Team_Unknown,Action_PreSnap,1136.36,547.25,1187.87,649.1,51.50999999999999,101.85000000000002,xml_geometry_csv_action
BootPass_49,149,9,9,Position_Unknown,Team_Unknown,Action_PreSnap,877.9,324.24,925.68,408.47,47.77999999999997,84.23000000000002,xml_geometry_csv_action
BootPass_49,150,1,1,Position_Unknown,Team_Unknown,Action_PreSnap,1760.36,471.91,1808.6,577.19,48.24000000000001,105.28000000000003,xml_geometry_csv_action
BootPass_49,150,10,10,Position_Unknown,Team_Unknown,Action_PreSnap,1657.36,359.79,1703.61,447.86,46.25,88.07,xml_geometry_csv_action
BootPass_49,150,11,11,Position_Unknown,Team_Unknown,Action_PreSnap,988.58,418.41,1040.54,510.1,51.95999999999992,91.69,xml_geometry_csv_action
BootPass_49,150,12,12,Position_Unknown,Team_Unknown,Action_PreSnap,424.45,233.19,464.02,311.4,39.56999999999999,78.20999999999998,xml_geometry_csv_action
BootPass_49,150,13,13,Position_Unknown,Team_Unknown,Action_PreSnap,1024.49,210.19,1068.13,288.85,43.6400000000001,78.66000000000003,xml_geometry_csv_action
BootPass_49,150,14,14,Position_Unknown,Team_Unknown,Action_PreSnap,1699.65,509.57,1781.53,612.76,81.87999999999988,103.19,xml_geometry_csv_action
BootPass_49,150,15,15,Position_Unknown,Team_Unknown,Action_PreSnap,495.67,297.09,536.67,387.76,40.99999999999994,90.67000000000002,xml_geometry_csv_action
BootPass_49,150,16,16,Position_Unknown,Team_Unknown,Action_PreSnap,578.63,325.52,627.82,424.17,49.190000000000055,98.65000000000003,xml_geometry_csv_action
BootPass_49,150,17,17,Position_Unknown,Team_Unknown,Action_PreSnap,668.81,320.05,729.26,405.77,60.450000000000045,85.71999999999997,xml_geometry_csv_action
BootPass_49,150,18,18,Position_Unknown,Team_Unknown,Action_PreSnap,434.33,351.97,479.91,416.49,45.58000000000004,64.51999999999998,xml_geometry_csv_action
BootPass_49,150,19,19,Position_Unknown,Team_Unknown,Action_PreSnap,475.75,225.79,521.62,310.36,45.870000000000005,84.57000000000002,xml_geometry_csv_action
BootPass_49,150,2,2,Position_Unknown,Team_Unknown,Action_PreSnap,351.69,485.66,407.66,591.17,55.97000000000003,105.50999999999993,xml_geometry_csv_action
BootPass_49,150,20,20,Position_Unknown,Team_Unknown,Action_None,138.02,484.62,198.06,593.5,60.03999999999999,108.88,xml_geometry_csv_action
BootPass_49,150,21,21,Position_Unknown,Team_Unknown,Action_PreSnap,541.47,229.34,590.67,316.38,49.19999999999993,87.03999999999999,xml_geometry_csv_action
BootPass_49,150,22,22,Position_Unknown,Team_Unknown,Action_PreSnap,470.1,359.58,521.29,435.24,51.18999999999994,75.66000000000003,xml_geometry_csv_action
BootPass_49,150,3,3,Position_Unknown,Team_Unknown,Action_PreSnap,1833.05,486.2,1884.49,591.58,51.440000000000055,105.38000000000005,xml_geometry_csv_action
BootPass_49,150,4,4,Position_Unknown,Team_Unknown,Action_PreSnap,571.85,222.03,610.8,293.38,38.94999999999993,71.35,xml_geometry_csv_action
BootPass_49,150,5,5,Position_Unknown,Team_Unknown,Action_PreSnap,537.35,430.51,598.54,510.74,61.18999999999994,80.23000000000002,xml_geometry_csv_action
BootPass_49,150,6,6,Position_Unknown,Team_Unknown,Action_PreSnap,801.48,567.5,873.54,672.61,72.05999999999995,105.11000000000001,xml_geometry_csv_action
BootPass_49,150,7,7,Position_Unknown,Team_Unknown,Action_PreSnap,1138.73,552.4,1191.54,658.17,52.809999999999945,105.76999999999998,xml_geometry_csv_action
BootPass_49,150,8,8,Position_Unknown,Team_Unknown,Action_PreSnap,460.76,427.9,521.78,504.25,61.01999999999998,76.35000000000002,xml_geometry_csv_action
BootPass_49,150,9,9,Position_Unknown,Team_Unknown,Action_PreSnap,879.94,324.87,927.24,409.28,47.299999999999955,84.40999999999997,xml_geometry_csv_action
BootPass_49,151,1,1,Position_Unknown,Team_Unknown,Action_PreSnap,1765.35,469.46,1816.08,567.73,50.73000000000002,98.27000000000004,xml_geometry_csv_action
BootPass_49,151,10,10,Position_Unknown,Team_Unknown,Action_PreSnap,1657.96,361.82,1707.74,448.48,49.77999999999997,86.66000000000003,xml_geometry_csv_action
BootPass_49,151,11,11,Position_Unknown,Team_Unknown,Action_PreSnap,989.64,420.28,1042.81,512.29,53.16999999999996,92.00999999999999,xml_geometry_csv_action
BootPass_49,151,12,12,Position_Unknown,Team_Unknown,Action_PreSnap,422.53,232.82,461.47,310.92,38.940000000000055,78.10000000000002,xml_geometry_csv_action
BootPass_49,151,13,13,Position_Unknown,Team_Unknown,Action_PreSnap,1024.45,210.25,1066.55,286.84,42.09999999999991,76.58999999999997,xml_geometry_csv_action
BootPass_49,151,14,14,Position_Unknown,Team_Unknown,Action_PreSnap,1715.09,511.12,1786.81,612.24,71.72000000000003,101.12,xml_geometry_csv_action
BootPass_49,151,15,15,Position_Unknown,Team_Unknown,Action_PreSnap,491.5,299.66,530.54,387.11,39.039999999999964,87.44999999999999,xml_geometry_csv_action
BootPass_49,151,16,16,Position_Unknown,Team_Unknown,Action_PreSnap,573.49,326.93,623.71,423.59,50.22000000000003,96.65999999999997,xml_geometry_csv_action
BootPass_49,151,17,17,Position_Unknown,Team_Unknown,Action_PreSnap,662.4,322.52,723.87,407.86,61.47000000000003,85.34000000000003,xml_geometry_csv_action
BootPass_49,151,18,18,Position_Unknown,Team_Unknown,Action_PreSnap,432.25,350.14,475.2,416.97,42.94999999999999,66.83000000000004,xml_geometry_csv_action
BootPass_49,151,19,19,Position_Unknown,Team_Unknown,Action_PreSnap,470.82,226.33,515.9,310.41,45.079999999999984,84.08000000000001,xml_geometry_csv_action
BootPass_49,151,2,2,Position_Unknown,Team_Unknown,Action_PreSnap,348.05,487.65,404.93,592.39,56.879999999999995,104.74000000000001,xml_geometry_csv_action
BootPass_49,151,20,20,Position_Unknown,Team_Unknown,Action_None,136.55,487.27,199.09,592.9,62.53999999999999,105.63,xml_geometry_csv_action
BootPass_49,151,21,21,Position_Unknown,Team_Unknown,Action_PreSnap,541.06,229.87,588.58,314.96,47.520000000000095,85.08999999999997,xml_geometry_csv_action
BootPass_49,151,22,22,Position_Unknown,Team_Unknown,Action_PreSnap,467.15,359.05,515.71,437.23,48.56000000000006,78.18,xml_geometry_csv_action
BootPass_49,151,3,3,Position_Unknown,Team_Unknown,Action_PreSnap,1843.75,486.97,1893.58,592.3,49.82999999999993,105.32999999999993,xml_geometry_csv_action
BootPass_49,151,4,4,Position_Unknown,Team_Unknown,Action_PreSnap,571.68,222.15,611.4,292.94,39.72000000000003,70.78999999999999,xml_geometry_csv_action
BootPass_49,151,5,5,Position_Unknown,Team_Unknown,Action_PreSnap,531.51,432.05,592.42,516.13,60.90999999999997,84.07999999999998,xml_geometry_csv_action
BootPass_49,151,6,6,Position_Unknown,Team_Unknown,Action_PreSnap,806.23,569.55,875.2,669.15,68.97000000000003,99.60000000000002,xml_geometry_csv_action
BootPass_49,151,7,7,Position_Unknown,Team_Unknown,Action_PreSnap,1139.95,558.33,1193.37,666.18,53.419999999999845,107.84999999999991,xml_geometry_csv_action
BootPass_49,151,8,8,Position_Unknown,Team_Unknown,Action_PreSnap,457.04,429.74,515.94,507.49,58.900000000000034,77.75,xml_geometry_csv_action
BootPass_49,151,9,9,Position_Unknown,Team_Unknown,Action_PreSnap,880.87,325.36,928.77,411.06,47.89999999999998,85.69999999999999,xml_geometry_csv_action
BootPass_49,152,1,1,Position_Unknown,Team_Unknown,Action_PreSnap,1772.12,467.0,1825.19,563.74,53.070000000000164,96.74000000000001,xml_geometry_csv_action
BootPass_49,152,10,10,Position_Unknown,Team_Unknown,Action_PreSnap,1658.8,363.46,1713.12,451.23,54.319999999999936,87.77000000000004,xml_geometry_csv_action
BootPass_49,152,11,11,Position_Unknown,Team_Unknown,Action_PreSnap,989.74,420.91,1046.53,513.3,56.789999999999964,92.38999999999993,xml_geometry_csv_action
BootPass_49,152,12,12,Position_Unknown,Team_Unknown,Action_PreSnap,421.19,232.47,459.55,311.32,38.360000000000014,78.85,xml_geometry_csv_action
BootPass_49,152,13,13,Position_Unknown,Team_Unknown,Action_PreSnap,1025.11,210.32,1065.76,287.02,40.65000000000009,76.69999999999999,xml_geometry_csv_action
BootPass_49,152,14,14,Position_Unknown,Team_Unknown,Action_PreSnap,1724.9,510.94,1792.82,612.07,67.91999999999985,101.13000000000005,xml_geometry_csv_action
BootPass_49,152,15,15,Position_Unknown,Team_Unknown,Action_PreSnap,487.24,298.61,525.39,386.49,38.14999999999998,87.88,xml_geometry_csv_action
BootPass_49,152,16,16,Position_Unknown,Team_Unknown,Action_PreSnap,569.85,328.12,619.65,423.97,49.799999999999955,95.85000000000002,xml_geometry_csv_action
BootPass_49,152,17,17,Position_Unknown,Team_Unknown,Action_PreSnap,656.23,324.59,718.43,410.06,62.19999999999993,85.47000000000003,xml_geometry_csv_action
BootPass_49,152,18,18,Position_Unknown,Team_Unknown,Action_PreSnap,430.16,349.11,472.68,418.04,42.51999999999998,68.93,xml_geometry_csv_action
BootPass_49,152,19,19,Position_Unknown,Team_Unknown,Action_PreSnap,466.5,226.16,511.25,310.72,44.75,84.56000000000003,xml_geometry_csv_action
BootPass_49,152,2,2,Position_Unknown,Team_Unknown,Action_PreSnap,346.87,489.45,403.82,592.65,56.94999999999999,103.19999999999999,xml_geometry_csv_action
BootPass_49,152,20,20,Position_Unknown,Team_Unknown,Action_None,136.41,489.24,201.89,593.96,65.47999999999999,104.72000000000003,xml_geometry_csv_action
BootPass_49,152,21,21,Position_Unknown,Team_Unknown,Action_PreSnap,537.51,229.96,588.15,313.81,50.639999999999986,83.85,xml_geometry_csv_action
BootPass_49,152,22,22,Position_Unknown,Team_Unknown,Action_PreSnap,465.34,358.7,512.76,438.11,47.420000000000016,79.41000000000003,xml_geometry_csv_action
BootPass_49,152,3,3,Position_Unknown,Team_Unknown,Action_PreSnap,1849.94,487.3,1903.42,593.05,53.48000000000002,105.74999999999994,xml_geometry_csv_action
BootPass_49,152,4,4,Position_Unknown,Team_Unknown,Action_PreSnap,572.73,222.24,612.67,293.81,39.93999999999994,71.57,xml_geometry_csv_action
BootPass_49,152,5,5,Position_Unknown,Team_Unknown,Action_PreSnap,526.62,433.5,588.53,522.32,61.90999999999997,88.82000000000005,xml_geometry_csv_action
BootPass_49,152,6,6,Position_Unknown,Team_Unknown,Action_PreSnap,809.34,572.94,876.8,671.72,67.45999999999992,98.77999999999997,xml_geometry_csv_action
BootPass_49,152,7,7,Position_Unknown,Team_Unknown,Action_PreSnap,1140.84,563.96,1196.29,674.04,55.450000000000045,110.07999999999993,xml_geometry_csv_action
BootPass_49,152,8,8,Position_Unknown,Team_Unknown,Action_PreSnap,452.8,431.0,510.87,509.86,58.06999999999999,78.86000000000001,xml_geometry_csv_action
BootPass_49,152,9,9,Position_Unknown,Team_Unknown,Action_PreSnap,881.0,326.25,931.65,412.96,50.64999999999998,86.70999999999998,xml_geometry_csv_action
BootPass_49,153,1,1,Position_Unknown,Team_Unknown,Action_PreSnap,1780.88,464.7,1835.76,561.03,54.87999999999988,96.32999999999998,xml_geometry_csv_action
BootPass_49,153,10,10,Position_Unknown,Team_Unknown,Action_PreSnap,1661.37,365.57,1718.52,455.64,57.15000000000009,90.07,xml_geometry_csv_action
BootPass_49,153,11,11,Position_Unknown,Team_Unknown,Action_PreSnap,990.3,422.36,1049.49,513.64,59.190000000000055,91.27999999999997,xml_geometry_csv_action
BootPass_49,153,12,12,Position_Unknown,Team_Unknown,Action_PreSnap,419.74,232.72,457.61,311.89,37.870000000000005,79.16999999999999,xml_geometry_csv_action
BootPass_49,153,13,13,Position_Unknown,Team_Unknown,Action_PreSnap,1025.32,211.04,1066.04,286.42,40.72000000000003,75.38000000000002,xml_geometry_csv_action
BootPass_49,153,14,14,Position_Unknown,Team_Unknown,Action_PreSnap,1734.86,511.52,1798.28,612.0,63.42000000000007,100.48000000000002,xml_geometry_csv_action
BootPass_49,153,15,15,Position_Unknown,Team_Unknown,Action_PreSnap,482.91,297.53,520.24,385.42,37.329999999999984,87.89000000000004,xml_geometry_csv_action
BootPass_49,153,16,16,Position_Unknown,Team_Unknown,Action_PreSnap,566.63,328.71,616.29,425.86,49.65999999999997,97.15000000000003,xml_geometry_csv_action
BootPass_49,153,17,17,Position_Unknown,Team_Unknown,Action_PreSnap,652.13,327.19,713.78,412.43,61.64999999999998,85.24000000000001,xml_geometry_csv_action
BootPass_49,153,18,18,Position_Unknown,Team_Unknown,Action_PreSnap,428.52,348.4,470.17,417.96,41.650000000000034,69.56,xml_geometry_csv_action
BootPass_49,153,19,19,Position_Unknown,Team_Unknown,Action_PreSnap,462.51,226.14,507.25,311.16,44.74000000000001,85.02000000000004,xml_geometry_csv_action
BootPass_49,153,2,2,Position_Unknown,Team_Unknown,Action_PreSnap,347.55,491.05,402.52,593.85,54.96999999999997,102.80000000000001,xml_geometry_csv_action
BootPass_49,153,20,20,Position_Unknown,Team_Unknown,Action_None,135.78,492.12,204.49,593.53,68.71000000000001,101.40999999999997,xml_geometry_csv_action
BootPass_49,153,21,21,Position_Unknown,Team_Unknown,Action_PreSnap,533.24,230.32,591.21,313.13,57.97000000000003,82.81,xml_geometry_csv_action
BootPass_49,153,22,22,Position_Unknown,Team_Unknown,Action_PreSnap,463.51,358.62,510.16,438.33,46.650000000000034,79.70999999999998,xml_geometry_csv_action
BootPass_49,153,3,3,Position_Unknown,Team_Unknown,Action_PreSnap,1852.02,486.57,1915.81,592.39,63.789999999999964,105.82,xml_geometry_csv_action
BootPass_49,153,4,4,Position_Unknown,Team_Unknown,Action_PreSnap,574.92,222.34,615.02,290.96,40.10000000000002,68.61999999999998,xml_geometry_csv_action
BootPass_49,153,5,5,Position_Unknown,Team_Unknown,Action_PreSnap,522.09,436.35,584.19,526.92,62.10000000000002,90.56999999999994,xml_geometry_csv_action
BootPass_49,153,6,6,Position_Unknown,Team_Unknown,Action_PreSnap,819.11,576.09,877.75,669.22,58.639999999999986,93.13,xml_geometry_csv_action
BootPass_49,153,7,7,Position_Unknown,Team_Unknown,Action_PreSnap,1142.98,569.78,1197.78,686.14,54.799999999999955,116.36000000000001,xml_geometry_csv_action
BootPass_49,153,8,8,Position_Unknown,Team_Unknown,Action_PreSnap,445.96,431.79,506.94,509.96,60.98000000000002,78.16999999999996,xml_geometry_csv_action
BootPass_49,153,9,9,Position_Unknown,Team_Unknown,Action_PreSnap,883.36,326.79,935.47,416.92,52.110000000000014,90.13,xml_geometry_csv_action
BootPass_49,154,1,1,Position_Unknown,Team_Unknown,Action_PreSnap,1793.47,463.22,1845.62,559.43,52.149999999999864,96.20999999999992,xml_geometry_csv_action
BootPass_49,154,10,10,Position_Unknown,Team_Unknown,Action_PreSnap,1670.83,368.89,1723.62,457.91,52.789999999999964,89.02000000000004,xml_geometry_csv_action
BootPass_49,154,11,11,Position_Unknown,Team_Unknown,Action_PreSnap,994.55,423.87,1053.48,510.93,58.930000000000064,87.06,xml_geometry_csv_action
BootPass_49,154,12,12,Position_Unknown,Team_Unknown,Action_PreSnap,418.51,233.26,455.24,312.05,36.73000000000002,78.79000000000002,xml_geometry_csv_action
BootPass_49,154,13,13,Position_Unknown,Team_Unknown,Action_PreSnap,1025.06,211.61,1067.15,286.73,42.090000000000146,75.12,xml_geometry_csv_action
BootPass_49,154,14,14,Position_Unknown,Team_Unknown,Action_PreSnap,1744.78,509.02,1804.59,611.41,59.809999999999945,102.38999999999999,xml_geometry_csv_action
BootPass_49,154,15,15,Position_Unknown,Team_Unknown,Action_PreSnap,479.08,296.24,516.8,385.46,37.71999999999997,89.21999999999997,xml_geometry_csv_action
BootPass_49,154,16,16,Position_Unknown,Team_Unknown,Action_PreSnap,563.46,329.34,613.38,426.97,49.91999999999996,97.63000000000005,xml_geometry_csv_action
BootPass_49,154,17,17,Position_Unknown,Team_Unknown,Action_PreSnap,650.69,330.44,709.49,414.07,58.799999999999955,83.63,xml_geometry_csv_action
BootPass_49,154,18,18,Position_Unknown,Team_Unknown,Action_PreSnap,427.08,348.01,468.17,418.69,41.09000000000003,70.68,xml_geometry_csv_action
BootPass_49,154,19,19,Position_Unknown,Team_Unknown,Action_PreSnap,459.65,226.24,502.86,311.24,43.210000000000036,85.0,xml_geometry_csv_action
BootPass_49,154,2,2,Position_Unknown,Team_Unknown,Action_PreSnap,347.11,492.76,403.08,594.98,55.96999999999997,102.22000000000003,xml_geometry_csv_action
BootPass_49,154,20,20,Position_Unknown,Team_Unknown,Action_None,136.66,494.69,207.25,589.19,70.59,94.50000000000006,xml_geometry_csv_action
BootPass_49,154,21,21,Position_Unknown,Team_Unknown,Action_PreSnap,530.33,230.94,591.76,312.25,61.42999999999995,81.31,xml_geometry_csv_action
BootPass_49,154,22,22,Position_Unknown,Team_Unknown,Action_PreSnap,462.87,358.81,508.34,438.6,45.46999999999997,79.79000000000002,xml_geometry_csv_action
BootPass_49,154,3,3,Position_Unknown,Team_Unknown,Action_PreSnap,1855.98,486.7,1920.0,591.01,64.01999999999998,104.31,xml_geometry_csv_action
BootPass_49,154,4,4,Position_Unknown,Team_Unknown,Action_PreSnap,577.94,222.02,618.08,288.85,40.139999999999986,66.83000000000001,xml_geometry_csv_action
BootPass_49,154,5,5,Position_Unknown,Team_Unknown,Action_PreSnap,516.88,438.84,580.54,528.86,63.65999999999997,90.02000000000004,xml_geometry_csv_action
BootPass_49,154,6,6,Position_Unknown,Team_Unknown,Action_PreSnap,828.48,580.51,879.72,670.24,51.24000000000001,89.73000000000002,xml_geometry_csv_action
BootPass_49,154,7,7,Position_Unknown,Team_Unknown,Action_PreSnap,1145.51,577.03,1197.68,691.93,52.17000000000007,114.89999999999998,xml_geometry_csv_action
BootPass_49,154,8,8,Position_Unknown,Team_Unknown,Action_PreSnap,442.01,431.94,504.59,509.63,62.579999999999984,77.69,xml_geometry_csv_action
BootPass_49,154,9,9,Position_Unknown,Team_Unknown,Action_PreSnap,883.66,328.71,938.0,417.79,54.34000000000003,89.08000000000004,xml_geometry_csv_action
BootPass_49,155,1,1,Position_Unknown,Team_Unknown,Action_PreSnap,1804.15,463.25,1852.78,559.72,48.62999999999988,96.47000000000003,xml_geometry_csv_action
BootPass_49,155,10,10,Position_Unknown,Team_Unknown,Action_PreSnap,1677.24,372.36,1727.27,460.35,50.02999999999997,87.99000000000001,xml_geometry_csv_action
BootPass_49,155,11,11,Position_Unknown,Team_Unknown,Action_PreSnap,1000.25,425.99,1060.45,519.54,60.200000000000045,93.54999999999995,xml_geometry_csv_action
BootPass_49,155,12,12,Position_Unknown,Team_Unknown,Action_PreSnap,418.04,233.44,453.62,312.23,35.579999999999984,78.79000000000002,xml_geometry_csv_action
BootPass_49,155,13,13,Position_Unknown,Team_Unknown,Action_PreSnap,1024.74,213.21,1068.94,286.11,44.200000000000045,72.9,xml_geometry_csv_action
BootPass_49,155,14,14,Position_Unknown,Team_Unknown,Action_PreSnap,1751.67,507.43,1811.26,609.35,59.58999999999992,101.92000000000002,xml_geometry_csv_action
BootPass_49,155,15,15,Position_Unknown,Team_Unknown,Action_PreSnap,476.49,296.64,514.42,384.75,37.92999999999995,88.11000000000001,xml_geometry_csv_action
BootPass_49,155,16,16,Position_Unknown,Team_Unknown,Action_PreSnap,561.5,330.09,611.73,428.95,50.23000000000002,98.86000000000001,xml_geometry_csv_action
BootPass_49,155,17,17,Position_Unknown,Team_Unknown,Action_PreSnap,649.87,332.8,708.65,417.11,58.77999999999997,84.31,xml_geometry_csv_action
BootPass_49,155,18,18,Position_Unknown,Team_Unknown,Action_PreSnap,426.34,348.11,467.61,420.15,41.27000000000004,72.03999999999996,xml_geometry_csv_action
BootPass_49,155,19,19,Position_Unknown,Team_Unknown,Action_PreSnap,457.87,226.82,499.28,311.2,41.40999999999997,84.38,xml_geometry_csv_action
BootPass_49,155,2,2,Position_Unknown,Team_Unknown,Action_PreSnap,347.74,494.15,404.88,596.01,57.139999999999986,101.86000000000001,xml_geometry_csv_action
BootPass_49,155,20,20,Position_Unknown,Team_Unknown,Action_None,138.38,496.62,209.8,585.83,71.42000000000002,89.21000000000004,xml_geometry_csv_action
BootPass_49,155,21,21,Position_Unknown,Team_Unknown,Action_PreSnap,532.01,231.09,593.84,311.97,61.83000000000004,80.88000000000002,xml_geometry_csv_action
BootPass_49,155,22,22,Position_Unknown,Team_Unknown,Action_PreSnap,463.09,359.27,507.94,439.46,44.85000000000002,80.19,xml_geometry_csv_action
BootPass_49,155,3,3,Position_Unknown,Team_Unknown,Action_PreSnap,1867.4,484.49,1920.0,584.33,52.59999999999991,99.84000000000003,xml_geometry_csv_action
BootPass_49,155,4,4,Position_Unknown,Team_Unknown,Action_PreSnap,581.44,221.56,621.05,288.33,39.6099999999999,66.76999999999998,xml_geometry_csv_action
BootPass_49,155,5,5,Position_Unknown,Team_Unknown,Action_PreSnap,512.11,441.49,578.04,529.81,65.92999999999995,88.31999999999994,xml_geometry_csv_action
BootPass_49,155,6,6,Position_Unknown,Team_Unknown,Action_PreSnap,836.07,585.47,885.12,680.17,49.049999999999955,94.69999999999993,xml_geometry_csv_action
BootPass_49,155,7,7,Position_Unknown,Team_Unknown,Action_PreSnap,1147.87,584.77,1197.9,695.0,50.0300000000002,110.23000000000002,xml_geometry_csv_action
BootPass_49,155,8,8,Position_Unknown,Team_Unknown,Action_PreSnap,440.6,432.51,501.38,509.94,60.77999999999997,77.43,xml_geometry_csv_action
BootPass_49,155,9,9,Position_Unknown,Team_Unknown,Action_PreSnap,888.55,330.64,942.81,419.86,54.25999999999999,89.22000000000003,xml_geometry_csv_action
BootPass_49,156,1,1,Position_Unknown,Team_Unknown,Action_PreSnap,1812.77,459.97,1861.99,560.14,49.22000000000003,100.16999999999996,xml_geometry_csv_action
BootPass_49,156,10,10,Position_Unknown,Team_Unknown,Action_PreSnap,1683.05,376.59,1732.55,464.06,49.5,87.47000000000003,xml_geometry_csv_action
BootPass_49,156,11,11,Position_Unknown,Team_Unknown,Action_PreSnap,1009.03,430.58,1065.19,526.63,56.16000000000008,96.05000000000001,xml_geometry_csv_action
BootPass_49,156,12,12,Position_Unknown,Team_Unknown,Action_PreSnap,418.2,232.97,453.15,312.95,34.94999999999999,79.97999999999999,xml_geometry_csv_action
BootPass_49,156,13,13,Position_Unknown,Team_Unknown,Action_PreSnap,1025.02,214.42,1071.41,286.99,46.3900000000001,72.57000000000002,xml_geometry_csv_action
BootPass_49,156,14,14,Position_Unknown,Team_Unknown,Action_PreSnap,1757.63,505.56,1818.01,609.21,60.37999999999988,103.65000000000003,xml_geometry_csv_action
BootPass_49,156,15,15,Position_Unknown,Team_Unknown,Action_PreSnap,475.6,298.7,512.88,382.73,37.27999999999997,84.03000000000003,xml_geometry_csv_action
BootPass_49,156,16,16,Position_Unknown,Team_Unknown,Action_PreSnap,560.43,331.01,610.26,430.96,49.83000000000004,99.94999999999999,xml_geometry_csv_action
BootPass_49,156,17,17,Position_Unknown,Team_Unknown,Action_PreSnap,647.72,334.29,707.45,420.74,59.73000000000002,86.44999999999999,xml_geometry_csv_action
BootPass_49,156,18,18,Position_Unknown,Team_Unknown,Action_PreSnap,429.54,351.86,470.67,423.07,41.129999999999995,71.20999999999998,xml_geometry_csv_action
BootPass_49,156,19,19,Position_Unknown,Team_Unknown,Action_PreSnap,456.59,226.92,496.98,311.97,40.39000000000004,85.05000000000004,xml_geometry_csv_action
BootPass_49,156,2,2,Position_Unknown,Team_Unknown,Action_PreSnap,348.24,495.04,408.19,596.88,59.94999999999999,101.83999999999997,xml_geometry_csv_action
BootPass_49,156,20,20,Position_Unknown,Team_Unknown,Action_None,140.48,498.36,214.12,585.78,73.64000000000001,87.41999999999996,xml_geometry_csv_action
BootPass_49,156,21,21,Position_Unknown,Team_Unknown,Action_PreSnap,536.58,230.46,596.6,311.67,60.01999999999998,81.21000000000001,xml_geometry_csv_action
BootPass_49,156,22,22,Position_Unknown,Team_Unknown,Action_PreSnap,463.6,359.46,507.38,441.05,43.77999999999997,81.59000000000003,xml_geometry_csv_action
BootPass_49,156,3,3,Position_Unknown,Team_Unknown,Action_PreSnap,1877.26,486.13,1920.0,581.78,42.74000000000001,95.64999999999998,xml_geometry_csv_action
BootPass_49,156,4,4,Position_Unknown,Team_Unknown,Action_PreSnap,585.51,222.5,623.29,291.39,37.77999999999997,68.88999999999999,xml_geometry_csv_action
BootPass_49,156,5,5,Position_Unknown,Team_Unknown,Action_PreSnap,506.68,443.36,575.53,530.81,68.84999999999997,87.44999999999993,xml_geometry_csv_action
BootPass_49,156,6,6,Position_Unknown,Team_Unknown,Action_PreSnap,844.56,588.03,891.0,686.73,46.440000000000055,98.70000000000005,xml_geometry_csv_action
BootPass_49,156,7,7,Position_Unknown,Team_Unknown,Action_PreSnap,1148.77,590.87,1199.64,700.99,50.87000000000012,110.12,xml_geometry_csv_action
BootPass_49,156,8,8,Position_Unknown,Team_Unknown,Action_PreSnap,439.15,433.17,496.82,513.58,57.670000000000016,80.41000000000003,xml_geometry_csv_action
BootPass_49,156,9,9,Position_Unknown,Team_Unknown,Action_PreSnap,895.82,332.77,948.09,421.05,52.26999999999998,88.28000000000003,xml_geometry_csv_action
BootPass_49,157,1,1,Position_Unknown,Team_Unknown,Action_PreSnap,1820.25,458.14,1870.9,558.67,50.65000000000009,100.52999999999997,xml_geometry_csv_action
BootPass_49,157,10,10,Position_Unknown,Team_Unknown,Action_PreSnap,1686.93,381.52,1737.56,468.48,50.62999999999988,86.96000000000004,xml_geometry_csv_action
BootPass_49,157,11,11,Position_Unknown,Team_Unknown,Action_PreSnap,1016.7,429.88,1067.46,529.33,50.75999999999999,99.45000000000005,xml_geometry_csv_action
BootPass_49,157,12,12,Position_Unknown,Team_Unknown,Action_PreSnap,418.14,231.88,453.33,312.98,35.19,81.10000000000002,xml_geometry_csv_action
BootPass_49,157,13,13,Position_Unknown,Team_Unknown,Action_PreSnap,1025.65,215.33,1073.03,286.91,47.37999999999988,71.58000000000001,xml_geometry_csv_action
BootPass_49,157,14,14,Position_Unknown,Team_Unknown,Action_PreSnap,1765.88,502.49,1824.38,606.75,58.5,104.25999999999999,xml_geometry_csv_action
BootPass_49,157,15,15,Position_Unknown,Team_Unknown,Action_PreSnap,473.68,298.28,511.58,380.87,37.89999999999998,82.59000000000003,xml_geometry_csv_action
BootPass_49,157,16,16,Position_Unknown,Team_Unknown,Action_PreSnap,559.56,331.33,608.5,432.61,48.940000000000055,101.28000000000003,xml_geometry_csv_action
BootPass_49,157,17,17,Position_Unknown,Team_Unknown,Action_PreSnap,647.78,336.18,706.42,423.05,58.639999999999986,86.87,xml_geometry_csv_action
BootPass_49,157,18,18,Position_Unknown,Team_Unknown,Action_PreSnap,428.08,350.38,470.05,422.83,41.97000000000003,72.44999999999999,xml_geometry_csv_action
BootPass_49,157,19,19,Position_Unknown,Team_Unknown,Action_PreSnap,455.65,227.02,495.02,312.13,39.370000000000005,85.10999999999999,xml_geometry_csv_action
BootPass_49,157,2,2,Position_Unknown,Team_Unknown,Action_PreSnap,354.75,496.04,409.81,596.46,55.06,100.42000000000002,xml_geometry_csv_action
BootPass_49,157,20,20,Position_Unknown,Team_Unknown,Action_ThrowPass,143.61,498.52,217.21,585.53,73.6,87.00999999999999,xml_geometry_csv_action
BootPass_49,157,21,21,Position_Unknown,Team_Unknown,Action_PreSnap,538.65,230.39,597.93,311.85,59.27999999999997,81.46000000000004,xml_geometry_csv_action
BootPass_49,157,22,22,Position_Unknown,Team_Unknown,Action_PreSnap,463.73,360.01,506.47,442.11,42.74000000000001,82.10000000000002,xml_geometry_csv_action
BootPass_49,157,25,24,Position_Unknown,Team_Unknown,Action_PreSnap,425.56,348.56,467.57,417.46,42.00999999999999,68.89999999999998,xml_geometry_csv_action
BootPass_49,157,26,25,Position_Unknown,Team_Unknown,Action_PreSnap,1013.4,396.98,1063.69,498.9,50.29000000000008,101.91999999999996,xml_geometry_csv_action
BootPass_49,157,3,3,Position_Unknown,Team_Unknown,Action_PreSnap,1894.14,494.6,1920.0,590.17,25.8599999999999,95.56999999999994,xml_geometry_csv_action
BootPass_49,157,4,4,Position_Unknown,Team_Unknown,Action_PreSnap,586.89,223.41,627.8,295.23,40.90999999999997,71.82000000000002,xml_geometry_csv_action
BootPass_49,157,5,5,Position_Unknown,Team_Unknown,Action_PreSnap,500.67,445.2,572.5,532.79,71.82999999999998,87.58999999999997,xml_geometry_csv_action
BootPass_49,157,6,6,Position_Unknown,Team_Unknown,Action_PreSnap,848.53,591.48,894.64,693.08,46.110000000000014,101.60000000000002,xml_geometry_csv_action
BootPass_49,157,7,7,Position_Unknown,Team_Unknown,Action_PreSnap,1153.41,596.25,1201.11,703.9,47.69999999999982,107.64999999999998,xml_geometry_csv_action
BootPass_49,157,8,8,Position_Unknown,Team_Unknown,Action_PreSnap,438.58,434.67,491.5,516.97,52.920000000000016,82.30000000000001,xml_geometry_csv_action
BootPass_49,157,9,9,Position_Unknown,Team_Unknown,Action_PreSnap,902.9,335.53,951.88,421.57,48.98000000000002,86.04000000000002,xml_geometry_csv_action
BootPass_49,158,1,1,Position_Unknown,Team_Unknown,Action_PreSnap,1825.73,454.54,1878.37,556.19,52.63999999999987,101.65000000000003,xml_geometry_csv_action
BootPass_49,158,10,10,Position_Unknown,Team_Unknown,Action_PreSnap,1691.37,385.17,1741.86,473.1,50.49000000000001,87.93,xml_geometry_csv_action
BootPass_49,158,11,11,Position_Unknown,Team_Unknown,Action_PreSnap,1023.5,431.9,1069.65,531.76,46.15000000000009,99.86000000000001,xml_geometry_csv_action
BootPass_49,158,12,12,Position_Unknown,Team_Unknown,Action_PreSnap,417.98,230.9,453.71,312.56,35.72999999999996,81.66,xml_geometry_csv_action
BootPass_49,158,13,13,Position_Unknown,Team_Unknown,Action_PreSnap,1025.75,215.58,1075.18,288.47,49.430000000000064,72.89000000000001,xml_geometry_csv_action
BootPass_49,158,14,14,Position_Unknown,Team_Unknown,Action_PreSnap,1773.55,501.18,1830.41,606.09,56.86000000000013,104.91000000000003,xml_geometry_csv_action
BootPass_49,158,15,15,Position_Unknown,Team_Unknown,Action_PreSnap,471.53,297.98,510.08,379.89,38.55000000000001,81.90999999999997,xml_geometry_csv_action
BootPass_49,158,16,16,Position_Unknown,Team_Unknown,Action_PreSnap,558.58,332.3,606.83,433.8,48.25,101.5,xml_geometry_csv_action
BootPass_49,158,17,17,Position_Unknown,Team_Unknown,Action_PreSnap,646.21,338.72,702.92,425.06,56.70999999999992,86.33999999999997,xml_geometry_csv_action
BootPass_49,158,18,18,Position_Unknown,Team_Unknown,Action_PreSnap,426.58,349.3,468.97,422.69,42.39000000000004,73.38999999999999,xml_geometry_csv_action
BootPass_49,158,19,19,Position_Unknown,Team_Unknown,Action_PreSnap,453.8,227.37,493.06,312.95,39.25999999999999,85.57999999999998,xml_geometry_csv_action
BootPass_49,158,2,2,Position_Unknown,Team_Unknown,Action_PreSnap,357.06,496.38,411.75,597.35,54.69,100.97000000000003,xml_geometry_csv_action
BootPass_49,158,20,20,Position_Unknown,Team_Unknown,Action_ThrowPass,145.98,498.62,219.95,587.15,73.97,88.52999999999997,xml_geometry_csv_action
BootPass_49,158,21,21,Position_Unknown,Team_Unknown,Action_PreSnap,542.17,229.9,601.05,312.33,58.879999999999995,82.42999999999998,xml_geometry_csv_action
BootPass_49,158,22,22,Position_Unknown,Team_Unknown,Action_PreSnap,463.07,360.19,505.52,442.65,42.44999999999999,82.45999999999998,xml_geometry_csv_action
BootPass_49,158,26,25,Position_Unknown,Team_Unknown,Action_PreSnap,1017.96,396.31,1060.61,497.7,42.649999999999864,101.38999999999999,xml_geometry_csv_action
BootPass_49,158,4,4,Position_Unknown,Team_Unknown,Action_PreSnap,589.88,223.32,632.65,297.03,42.76999999999998,73.70999999999998,xml_geometry_csv_action
BootPass_49,158,5,5,Position_Unknown,Team_Unknown,Action_PreSnap,493.37,445.87,567.74,533.81,74.37,87.93999999999994,xml_geometry_csv_action
BootPass_49,158,6,6,Position_Unknown,Team_Unknown,Action_PreSnap,852.32,593.72,899.55,693.97,47.229999999999905,100.25,xml_geometry_csv_action
BootPass_49,158,7,7,Position_Unknown,Team_Unknown,Action_PreSnap,1155.91,600.18,1202.6,710.59,46.68999999999983,110.41000000000008,xml_geometry_csv_action
BootPass_49,158,8,8,Position_Unknown,Team_Unknown,Action_PreSnap,435.44,435.51,486.03,520.6,50.589999999999975,85.09000000000003,xml_geometry_csv_action
BootPass_49,158,9,9,Position_Unknown,Team_Unknown,Action_PreSnap,909.53,337.76,955.88,422.87,46.35000000000002,85.11000000000001,xml_geometry_csv_action
BootPass_49,159,1,1,Position_Unknown,Team_Unknown,Action_PreSnap,1832.35,451.31,1887.09,550.85,54.74000000000001,99.54000000000002,xml_geometry_csv_action
BootPass_49,159,10,10,Position_Unknown,Team_Unknown,Action_PreSnap,1695.35,389.42,1747.88,478.32,52.5300000000002,88.89999999999998,xml_geometry_csv_action
BootPass_49,159,11,11,Position_Unknown,Team_Unknown,Action_PreSnap,1026.66,433.0,1072.28,530.95,45.61999999999989,97.95000000000005,xml_geometry_csv_action
BootPass_49,159,12,12,Position_Unknown,Team_Unknown,Action_PreSnap,417.01,230.31,454.08,313.71,37.06999999999999,83.39999999999998,xml_geometry_csv_action
BootPass_49,159,13,13,Position_Unknown,Team_Unknown,Action_PreSnap,1025.46,216.05,1076.82,289.76,51.3599999999999,73.70999999999998,xml_geometry_csv_action
BootPass_49,159,14,14,Position_Unknown,Team_Unknown,Action_PreSnap,1782.7,501.02,1833.78,604.7,51.07999999999993,103.68000000000006,xml_geometry_csv_action
BootPass_49,159,15,15,Position_Unknown,Team_Unknown,Action_PreSnap,469.21,297.94,508.21,379.68,39.0,81.74000000000001,xml_geometry_csv_action
BootPass_49,159,16,16,Position_Unknown,Team_Unknown,Action_PreSnap,556.8,333.5,605.14,434.47,48.34000000000003,100.97000000000003,xml_geometry_csv_action
BootPass_49,159,17,17,Position_Unknown,Team_Unknown,Action_PreSnap,644.24,340.93,699.91,427.06,55.66999999999996,86.13,xml_geometry_csv_action
BootPass_49,159,18,18,Position_Unknown,Team_Unknown,Action_PreSnap,424.16,348.75,467.85,423.88,43.69,75.13,xml_geometry_csv_action
BootPass_49,159,19,19,Position_Unknown,Team_Unknown,Action_PreSnap,452.2,227.77,491.47,313.83,39.27000000000004,86.05999999999997,xml_geometry_csv_action
BootPass_49,159,2,2,Position_Unknown,Team_Unknown,Action_PreSnap,356.71,497.63,414.29,599.4,57.58000000000004,101.76999999999998,xml_geometry_csv_action
BootPass_49,159,20,20,Position_Unknown,Team_Unknown,Action_ThrowPass,148.35,497.83,221.47,588.35,73.12,90.52000000000004,xml_geometry_csv_action
BootPass_49,159,21,21,Position_Unknown,Team_Unknown,Action_PreSnap,540.96,229.76,605.32,313.3,64.36000000000001,83.54000000000002,xml_geometry_csv_action
BootPass_49,159,22,22,Position_Unknown,Team_Unknown,Action_PreSnap,462.15,360.43,504.44,443.15,42.29000000000002,82.71999999999997,xml_geometry_csv_action
BootPass_49,159,4,4,Position_Unknown,Team_Unknown,Action_PreSnap,593.45,223.03,638.22,295.33,44.76999999999998,72.29999999999998,xml_geometry_csv_action
BootPass_49,159,5,5,Position_Unknown,Team_Unknown,Action_PreSnap,488.94,446.9,563.75,537.33,74.81,90.43000000000006,xml_geometry_csv_action
BootPass_49,159,6,6,Position_Unknown,Team_Unknown,Action_PreSnap,856.89,596.37,905.11,698.6,48.22000000000003,102.23000000000002,xml_geometry_csv_action
BootPass_49,159,7,7,Position_Unknown,Team_Unknown,Action_PreSnap,1158.2,605.7,1203.84,717.99,45.63999999999987,112.28999999999996,xml_geometry_csv_action
BootPass_49,159,8,8,Position_Unknown,Team_Unknown,Action_PreSnap,430.49,437.86,485.13,522.52,54.639999999999986,84.65999999999997,xml_geometry_csv_action
BootPass_49,159,9,9,Position_Unknown,Team_Unknown,Action_PreSnap,912.12,339.3,960.8,424.56,48.67999999999995,85.25999999999999,xml_geometry_csv_action
BootPass_49,160,1,1,Position_Unknown,Team_Unknown,Action_PreSnap,1839.34,448.19,1894.32,546.51,54.98000000000002,98.32,xml_geometry_csv_action
BootPass_49,160,10,10,Position_Unknown,Team_Unknown,Action_PreSnap,1701.43,392.88,1750.82,482.14,49.38999999999987,89.25999999999999,xml_geometry_csv_action
BootPass_49,160,11,11,Position_Unknown,Team_Unknown,Action_PreSnap,1031.32,435.22,1077.78,533.52,46.460000000000036,98.29999999999995,xml_geometry_csv_action
BootPass_49,160,12,12,Position_Unknown,Team_Unknown,Action_PreSnap,416.36,230.45,454.92,314.43,38.56,83.98000000000002,xml_geometry_csv_action
BootPass_49,160,13,13,Position_Unknown,Team_Unknown,Action_PreSnap,1026.46,215.93,1079.77,291.52,53.309999999999945,75.58999999999997,xml_geometry_csv_action
BootPass_49,160,15,15,Position_Unknown,Team_Unknown,Action_PreSnap,467.98,298.52,507.32,379.42,39.339999999999975,80.90000000000003,xml_geometry_csv_action
BootPass_49,160,16,16,Position_Unknown,Team_Unknown,Action_PreSnap,555.66,335.08,603.91,436.51,48.25,101.43,xml_geometry_csv_action
BootPass_49,160,17,17,Position_Unknown,Team_Unknown,Action_PreSnap,643.38,343.39,697.95,430.16,54.57000000000005,86.77000000000004,xml_geometry_csv_action
BootPass_49,160,18,18,Position_Unknown,Team_Unknown,Action_PreSnap,423.13,349.27,466.93,425.07,43.80000000000001,75.80000000000001,xml_geometry_csv_action
BootPass_49,160,19,19,Position_Unknown,Team_Unknown,Action_PreSnap,450.77,228.71,490.65,314.68,39.879999999999995,85.97,xml_geometry_csv_action
BootPass_49,160,2,2,Position_Unknown,Team_Unknown,Action_PreSnap,359.7,499.26,417.49,601.98,57.79000000000002,102.72000000000003,xml_geometry_csv_action
BootPass_49,160,20,20,Position_Unknown,Team_Unknown,Action_ThrowPass,151.61,497.78,222.96,589.67,71.35,91.88999999999999,xml_geometry_csv_action
BootPass_49,160,21,21,Position_Unknown,Team_Unknown,Action_PreSnap,541.44,230.22,608.78,313.84,67.33999999999992,83.61999999999998,xml_geometry_csv_action
BootPass_49,160,22,22,Position_Unknown,Team_Unknown,Action_PreSnap,461.48,360.17,503.78,443.42,42.299999999999955,83.25,xml_geometry_csv_action
BootPass_49,160,4,4,Position_Unknown,Team_Unknown,Action_PreSnap,598.28,222.83,643.44,292.52,45.16000000000008,69.68999999999997,xml_geometry_csv_action
BootPass_49,160,5,5,Position_Unknown,Team_Unknown,Action_PreSnap,484.74,448.84,559.69,542.79,74.95000000000005,93.94999999999999,xml_geometry_csv_action
BootPass_49,160,6,6,Position_Unknown,Team_Unknown,Action_PreSnap,862.59,599.66,913.22,710.28,50.629999999999995,110.62,xml_geometry_csv_action
BootPass_49,160,7,7,Position_Unknown,Team_Unknown,Action_PreSnap,1160.8,611.47,1206.81,728.41,46.00999999999999,116.93999999999994,xml_geometry_csv_action
BootPass_49,160,8,8,Position_Unknown,Team_Unknown,Action_PreSnap,425.29,440.47,484.69,524.77,59.39999999999998,84.29999999999995,xml_geometry_csv_action
BootPass_49,160,9,9,Position_Unknown,Team_Unknown,Action_PreSnap,909.75,340.63,966.29,427.21,56.539999999999964,86.57999999999998,xml_geometry_csv_action
BootPass_49,161,1,1,Position_Unknown,Team_Unknown,Action_PreSnap,1845.83,445.7,1900.76,543.18,54.930000000000064,97.47999999999996,xml_geometry_csv_action
BootPass_49,161,10,10,Position_Unknown,Team_Unknown,Action_PreSnap,1706.87,396.37,1753.87,482.59,47.0,86.21999999999997,xml_geometry_csv_action
BootPass_49,161,11,11,Position_Unknown,Team_Unknown,Action_PreSnap,1035.46,436.47,1082.77,536.54,47.309999999999945,100.06999999999994,xml_geometry_csv_action
BootPass_49,161,12,12,Position_Unknown,Team_Unknown,Action_PreSnap,415.57,231.04,454.87,313.63,39.30000000000001,82.59,xml_geometry_csv_action
BootPass_49,161,13,13,Position_Unknown,Team_Unknown,Action_PreSnap,1026.74,216.4,1081.86,293.2,55.11999999999989,76.79999999999998,xml_geometry_csv_action
BootPass_49,161,15,15,Position_Unknown,Team_Unknown,Action_PreSnap,466.79,299.71,506.09,379.42,39.299999999999955,79.71000000000004,xml_geometry_csv_action
BootPass_49,161,16,16,Position_Unknown,Team_Unknown,Action_PreSnap,554.22,337.09,602.85,437.82,48.629999999999995,100.73000000000002,xml_geometry_csv_action
BootPass_49,161,17,17,Position_Unknown,Team_Unknown,Action_PreSnap,641.14,346.81,696.02,431.75,54.879999999999995,84.94,xml_geometry_csv_action
BootPass_49,161,18,18,Position_Unknown,Team_Unknown,Action_PreSnap,422.46,350.45,466.36,425.94,43.900000000000034,75.49000000000001,xml_geometry_csv_action
BootPass_49,161,19,19,Position_Unknown,Team_Unknown,Action_PreSnap,450.02,229.46,489.78,314.44,39.75999999999999,84.97999999999999,xml_geometry_csv_action
BootPass_49,161,2,2,Position_Unknown,Team_Unknown,Action_PreSnap,365.35,501.81,419.88,604.31,54.52999999999997,102.49999999999994,xml_geometry_csv_action
BootPass_49,161,20,20,Position_Unknown,Team_Unknown,Action_ThrowPass,155.98,495.56,223.11,589.82,67.13000000000002,94.26000000000005,xml_geometry_csv_action
BootPass_49,161,21,21,Position_Unknown,Team_Unknown,Action_PreSnap,543.8,231.19,612.21,313.84,68.41000000000008,82.64999999999998,xml_geometry_csv_action
BootPass_49,161,22,22,Position_Unknown,Team_Unknown,Action_PreSnap,461.22,360.89,503.79,444.29,42.56999999999999,83.40000000000003,xml_geometry_csv_action
BootPass_49,161,26,25,Position_Unknown,Team_Unknown,Action_PreSnap,1017.05,398.16,1053.26,502.55,36.210000000000036,104.38999999999999,xml_geometry_csv_action
BootPass_49,161,4,4,Position_Unknown,Team_Unknown,Action_PreSnap,604.05,222.11,648.62,286.95,44.57000000000005,64.83999999999997,xml_geometry_csv_action
BootPass_49,161,5,5,Position_Unknown,Team_Unknown,Action_PreSnap,476.87,450.72,550.88,547.92,74.00999999999999,97.19999999999993,xml_geometry_csv_action
BootPass_49,161,6,6,Position_Unknown,Team_Unknown,Action_PreSnap,869.38,604.44,919.31,716.42,49.92999999999995,111.9799999999999,xml_geometry_csv_action
BootPass_49,161,7,7,Position_Unknown,Team_Unknown,Action_PreSnap,1162.43,618.16,1209.07,735.91,46.63999999999987,117.75,xml_geometry_csv_action
BootPass_49,161,8,8,Position_Unknown,Team_Unknown,Action_PreSnap,421.66,441.91,481.65,525.64,59.98999999999995,83.72999999999996,xml_geometry_csv_action
BootPass_49,161,9,9,Position_Unknown,Team_Unknown,Action_PreSnap,908.43,342.21,970.82,430.2,62.3900000000001,87.99000000000001,xml_geometry_csv_action
BootPass_49,162,1,1,Position_Unknown,Team_Unknown,Action_PreSnap,1849.74,443.15,1904.92,543.19,55.180000000000064,100.04000000000008,xml_geometry_csv_action
BootPass_49,162,10,10,Position_Unknown,Team_Unknown,Action_PreSnap,1700.02,397.52,1761.1,487.28,61.07999999999993,89.75999999999999,xml_geometry_csv_action
BootPass_49,162,11,11,Position_Unknown,Team_Unknown,Action_PreSnap,1040.34,437.18,1090.07,541.64,49.73000000000002,104.45999999999998,xml_geometry_csv_action
BootPass_49,162,12,12,Position_Unknown,Team_Unknown,Action_PreSnap,415.19,231.9,454.75,312.95,39.56,81.04999999999998,xml_geometry_csv_action
BootPass_49,162,13,13,Position_Unknown,Team_Unknown,Action_PreSnap,1031.37,215.85,1083.89,292.55,52.52000000000021,76.70000000000002,xml_geometry_csv_action
BootPass_49,162,15,15,Position_Unknown,Team_Unknown,Action_PreSnap,465.65,300.63,504.31,379.2,38.660000000000025,78.57,xml_geometry_csv_action
BootPass_49,162,16,16,Position_Unknown,Team_Unknown,Action_PreSnap,553.9,339.41,602.75,438.76,48.85000000000002,99.34999999999997,xml_geometry_csv_action
BootPass_49,162,17,17,Position_Unknown,Team_Unknown,Action_PreSnap,637.77,349.91,693.54,432.27,55.76999999999998,82.35999999999996,xml_geometry_csv_action
BootPass_49,162,18,18,Position_Unknown,Team_Unknown,Action_PreSnap,421.82,351.68,465.95,426.41,44.129999999999995,74.73000000000002,xml_geometry_csv_action
BootPass_49,162,19,19,Position_Unknown,Team_Unknown,Action_PreSnap,449.29,230.66,488.59,314.8,39.299999999999955,84.14000000000001,xml_geometry_csv_action
BootPass_49,162,2,2,Position_Unknown,Team_Unknown,Action_PreSnap,369.16,504.57,421.28,605.87,52.11999999999995,101.30000000000001,xml_geometry_csv_action
BootPass_49,162,20,20,Position_Unknown,Team_Unknown,Action_ThrowPass,160.83,492.95,223.58,591.03,62.75,98.07999999999998,xml_geometry_csv_action
BootPass_49,162,21,21,Position_Unknown,Team_Unknown,Action_PreSnap,545.79,232.49,615.51,314.61,69.72000000000003,82.12,xml_geometry_csv_action
BootPass_49,162,22,22,Position_Unknown,Team_Unknown,Action_PreSnap,460.7,361.0,502.93,445.3,42.23000000000002,84.30000000000001,xml_geometry_csv_action
BootPass_49,162,4,4,Position_Unknown,Team_Unknown,Action_PreSnap,606.42,221.76,654.22,289.04,47.80000000000007,67.28000000000003,xml_geometry_csv_action
BootPass_49,162,5,5,Position_Unknown,Team_Unknown,Action_PreSnap,469.05,452.58,538.46,551.3,69.41000000000003,98.71999999999997,xml_geometry_csv_action
BootPass_49,162,6,6,Position_Unknown,Team_Unknown,Action_PreSnap,874.97,608.64,926.18,719.77,51.20999999999992,111.13,xml_geometry_csv_action
BootPass_49,162,7,7,Position_Unknown,Team_Unknown,Action_PreSnap,1165.11,624.69,1210.92,740.28,45.81000000000017,115.58999999999992,xml_geometry_csv_action
BootPass_49,162,8,8,Position_Unknown,Team_Unknown,Action_PreSnap,418.91,443.23,474.06,528.66,55.14999999999998,85.42999999999995,xml_geometry_csv_action
BootPass_49,162,9,9,Position_Unknown,Team_Unknown,Action_PreSnap,909.01,343.91,976.46,433.58,67.45000000000005,89.66999999999996,xml_geometry_csv_action
BootPass_49,163,1,1,Position_Unknown,Team_Unknown,Action_PreSnap,1857.72,440.75,1907.67,543.62,49.950000000000045,102.87,xml_geometry_csv_action
BootPass_49,163,10,10,Position_Unknown,Team_Unknown,Action_PreSnap,1696.94,401.79,1769.66,489.27,72.72000000000003,87.47999999999996,xml_geometry_csv_action
BootPass_49,163,11,11,Position_Unknown,Team_Unknown,Action_PreSnap,1045.29,440.13,1096.84,545.06,51.549999999999955,104.92999999999995,xml_geometry_csv_action
BootPass_49,163,12,12,Position_Unknown,Team_Unknown,Action_PreSnap,414.93,233.03,456.96,313.21,42.02999999999997,80.17999999999998,xml_geometry_csv_action
BootPass_49,163,13,13,Position_Unknown,Team_Unknown,Action_PreSnap,1035.33,215.62,1085.79,287.14,50.460000000000036,71.51999999999998,xml_geometry_csv_action
BootPass_49,163,15,15,Position_Unknown,Team_Unknown,Action_PreSnap,464.87,301.78,502.99,377.05,38.120000000000005,75.27000000000004,xml_geometry_csv_action
BootPass_49,163,16,16,Position_Unknown,Team_Unknown,Action_PreSnap,553.64,341.72,602.53,440.89,48.889999999999986,99.16999999999996,xml_geometry_csv_action
BootPass_49,163,17,17,Position_Unknown,Team_Unknown,Action_PreSnap,639.37,353.02,692.83,432.27,53.460000000000036,79.25,xml_geometry_csv_action
BootPass_49,163,18,18,Position_Unknown,Team_Unknown,Action_PreSnap,419.83,352.34,465.87,429.18,46.04000000000002,76.84000000000003,xml_geometry_csv_action
BootPass_49,163,19,19,Position_Unknown,Team_Unknown,Action_PreSnap,449.68,231.79,488.2,313.96,38.51999999999998,82.16999999999999,xml_geometry_csv_action
BootPass_49,163,2,2,Position_Unknown,Team_Unknown,Action_PreSnap,371.67,507.38,422.31,606.33,50.639999999999986,98.95000000000005,xml_geometry_csv_action
BootPass_49,163,20,20,Position_Unknown,Team_Unknown,Action_ThrowPass,163.49,492.66,223.65,591.65,60.16,98.98999999999995,xml_geometry_csv_action
BootPass_49,163,21,21,Position_Unknown,Team_Unknown,Action_PreSnap,554.0,232.99,619.4,313.64,65.39999999999998,80.64999999999998,xml_geometry_csv_action
BootPass_49,163,22,22,Position_Unknown,Team_Unknown,Action_PreSnap,460.9,360.21,502.67,446.53,41.77000000000004,86.32,xml_geometry_csv_action
BootPass_49,163,4,4,Position_Unknown,Team_Unknown,Action_PreSnap,609.3,220.16,659.98,292.28,50.680000000000064,72.11999999999998,xml_geometry_csv_action
BootPass_49,163,5,5,Position_Unknown,Team_Unknown,Action_PreSnap,463.42,454.44,528.78,553.14,65.35999999999996,98.69999999999999,xml_geometry_csv_action
BootPass_49,163,6,6,Position_Unknown,Team_Unknown,Action_PreSnap,882.41,611.91,932.05,719.02,49.639999999999986,107.11000000000001,xml_geometry_csv_action
BootPass_49,163,7,7,Position_Unknown,Team_Unknown,Action_PreSnap,1166.97,629.98,1215.04,742.38,48.069999999999936,112.39999999999998,xml_geometry_csv_action
BootPass_49,163,8,8,Position_Unknown,Team_Unknown,Action_PreSnap,416.91,443.61,468.08,531.57,51.16999999999996,87.96000000000004,xml_geometry_csv_action
BootPass_49,163,9,9,Position_Unknown,Team_Unknown,Action_PreSnap,914.63,345.55,982.56,434.98,67.92999999999995,89.43,xml_geometry_csv_action
BootPass_49,164,1,1,Position_Unknown,Team_Unknown,Action_PreSnap,1862.68,438.34,1912.78,542.67,50.09999999999991,104.32999999999998,xml_geometry_csv_action
BootPass_49,164,10,10,Position_Unknown,Team_Unknown,Action_PreSnap,1696.45,401.31,1775.69,491.82,79.24000000000001,90.50999999999999,xml_geometry_csv_action
BootPass_49,164,11,11,Position_Unknown,Team_Unknown,Action_PreSnap,1049.03,443.57,1100.58,548.19,51.549999999999955,104.62000000000006,xml_geometry_csv_action
BootPass_49,164,12,12,Position_Unknown,Team_Unknown,Action_PreSnap,413.72,234.12,458.25,313.68,44.52999999999997,79.56,xml_geometry_csv_action
BootPass_49,164,13,13,Position_Unknown,Team_Unknown,Action_PreSnap,1039.01,215.64,1086.81,281.61,47.799999999999955,65.97000000000003,xml_geometry_csv_action
BootPass_49,164,14,14,Position_Unknown,Team_Unknown,Action_PreSnap,1800.16,494.82,1863.85,598.29,63.68999999999983,103.46999999999997,xml_geometry_csv_action
BootPass_49,164,15,15,Position_Unknown,Team_Unknown,Action_PreSnap,463.5,302.34,502.23,376.76,38.73000000000002,74.42000000000002,xml_geometry_csv_action
BootPass_49,164,16,16,Position_Unknown,Team_Unknown,Action_PreSnap,552.4,343.61,602.3,442.73,49.89999999999998,99.12,xml_geometry_csv_action
BootPass_49,164,17,17,Position_Unknown,Team_Unknown,Action_PreSnap,637.58,355.07,690.55,435.69,52.969999999999914,80.62,xml_geometry_csv_action
BootPass_49,164,18,18,Position_Unknown,Team_Unknown,Action_PreSnap,418.02,352.99,465.39,431.24,47.370000000000005,78.25,xml_geometry_csv_action
BootPass_49,164,19,19,Position_Unknown,Team_Unknown,Action_PreSnap,449.21,232.99,487.37,313.44,38.160000000000025,80.44999999999999,xml_geometry_csv_action
BootPass_49,164,2,2,Position_Unknown,Team_Unknown,Action_PreSnap,373.5,509.9,422.86,609.79,49.360000000000014,99.88999999999999,xml_geometry_csv_action
BootPass_49,164,20,20,Position_Unknown,Team_Unknown,Action_ThrowPass,165.34,488.55,222.78,592.19,57.44,103.64000000000004,xml_geometry_csv_action
BootPass_49,164,21,21,Position_Unknown,Team_Unknown,Action_PreSnap,558.09,233.19,622.2,314.21,64.11000000000001,81.01999999999998,xml_geometry_csv_action
BootPass_49,164,22,22,Position_Unknown,Team_Unknown,Action_PreSnap,460.48,360.12,503.17,447.53,42.69,87.40999999999997,xml_geometry_csv_action
BootPass_49,164,4,4,Position_Unknown,Team_Unknown,Action_PreSnap,612.81,219.26,665.3,292.88,52.49000000000001,73.62,xml_geometry_csv_action
BootPass_49,164,5,5,Position_Unknown,Team_Unknown,Action_PreSnap,454.73,454.95,523.82,553.65,69.09000000000003,98.69999999999999,xml_geometry_csv_action
BootPass_49,164,6,6,Position_Unknown,Team_Unknown,Action_PreSnap,886.75,614.2,939.0,720.16,52.25,105.95999999999992,xml_geometry_csv_action
BootPass_49,164,7,7,Position_Unknown,Team_Unknown,Action_PreSnap,1168.13,634.14,1219.62,746.01,51.48999999999978,111.87,xml_geometry_csv_action
BootPass_49,164,8,8,Position_Unknown,Team_Unknown,Action_PreSnap,414.96,444.32,465.45,532.84,50.49000000000001,88.52000000000004,xml_geometry_csv_action
BootPass_49,164,9,9,Position_Unknown,Team_Unknown,Action_PreSnap,921.85,346.84,987.07,435.77,65.22000000000003,88.93,xml_geometry_csv_action
BootPass_49,165,1,1,Position_Unknown,Team_Unknown,Action_PreSnap,1868.14,435.57,1918.06,537.53,49.919999999999845,101.95999999999998,xml_geometry_csv_action
BootPass_49,165,10,10,Position_Unknown,Team_Unknown,Action_PreSnap,1700.09,403.19,1778.92,492.62,78.83000000000015,89.43,xml_geometry_csv_action
BootPass_49,165,11,11,Position_Unknown,Team_Unknown,Action_PreSnap,1051.71,446.71,1105.05,546.76,53.33999999999992,100.05000000000001,xml_geometry_csv_action
BootPass_49,165,12,12,Position_Unknown,Team_Unknown,Action_PreSnap,412.11,235.34,456.98,314.0,44.870000000000005,78.66,xml_geometry_csv_action
BootPass_49,165,13,13,Position_Unknown,Team_Unknown,Action_PreSnap,1043.25,215.52,1087.39,283.96,44.1400000000001,68.43999999999997,xml_geometry_csv_action
BootPass_49,165,15,15,Position_Unknown,Team_Unknown,Action_PreSnap,461.44,301.1,501.98,375.65,40.54000000000002,74.54999999999995,xml_geometry_csv_action
BootPass_49,165,16,16,Position_Unknown,Team_Unknown,Action_PreSnap,550.23,345.12,601.42,444.09,51.18999999999994,98.96999999999997,xml_geometry_csv_action
BootPass_49,165,17,17,Position_Unknown,Team_Unknown,Action_PreSnap,635.07,357.03,687.49,440.52,52.41999999999996,83.49000000000001,xml_geometry_csv_action
BootPass_49,165,18,18,Position_Unknown,Team_Unknown,Action_PreSnap,416.34,353.62,464.08,434.11,47.74000000000001,80.49000000000001,xml_geometry_csv_action
BootPass_49,165,19,19,Position_Unknown,Team_Unknown,Action_PreSnap,447.49,233.86,485.94,313.86,38.44999999999999,80.0,xml_geometry_csv_action
BootPass_49,165,2,2,Position_Unknown,Team_Unknown,Action_PreSnap,376.69,512.13,424.05,613.56,47.360000000000014,101.42999999999995,xml_geometry_csv_action
BootPass_49,165,20,20,Position_Unknown,Team_Unknown,Action_ThrowPass,165.58,486.93,221.49,591.96,55.91,105.03000000000003,xml_geometry_csv_action
BootPass_49,165,21,21,Position_Unknown,Team_Unknown,Action_PreSnap,559.48,233.37,623.28,313.84,63.799999999999955,80.46999999999997,xml_geometry_csv_action
BootPass_49,165,22,22,Position_Unknown,Team_Unknown,Action_PreSnap,459.97,359.81,503.46,448.21,43.48999999999995,88.39999999999998,xml_geometry_csv_action
BootPass_49,165,4,4,Position_Unknown,Team_Unknown,Action_PreSnap,619.47,218.86,670.69,292.44,51.22000000000003,73.57999999999998,xml_geometry_csv_action
BootPass_49,165,5,5,Position_Unknown,Team_Unknown,Action_PreSnap,447.8,454.78,519.95,553.16,72.15000000000003,98.38,xml_geometry_csv_action
BootPass_49,165,6,6,Position_Unknown,Team_Unknown,Action_PreSnap,887.33,616.0,946.02,722.21,58.68999999999994,106.21000000000004,xml_geometry_csv_action
BootPass_49,165,7,7,Position_Unknown,Team_Unknown,Action_PreSnap,1169.93,638.63,1223.1,750.74,53.169999999999845,112.11000000000001,xml_geometry_csv_action
BootPass_49,165,8,8,Position_Unknown,Team_Unknown,Action_PreSnap,411.61,445.64,460.6,536.38,48.99000000000001,90.74000000000001,xml_geometry_csv_action
BootPass_49,165,9,9,Position_Unknown,Team_Unknown,Action_PreSnap,931.72,348.31,991.73,435.27,60.00999999999999,86.95999999999998,xml_geometry_csv_action
BootPass_49,166,1,1,Position_Unknown,Team_Unknown,Action_PreSnap,1871.3,433.99,1920.0,532.88,48.700000000000045,98.88999999999999,xml_geometry_csv_action
BootPass_49,166,10,10,Position_Unknown,Team_Unknown,Action_PreSnap,1715.22,405.64,1779.04,493.11,63.819999999999936,87.47000000000003,xml_geometry_csv_action
BootPass_49,166,11,11,Position_Unknown,Team_Unknown,Action_PreSnap,1054.43,451.07,1109.22,546.73,54.789999999999964,95.66000000000003,xml_geometry_csv_action
BootPass_49,166,12,12,Position_Unknown,Team_Unknown,Action_PreSnap,411.64,237.94,456.32,315.9,44.68000000000001,77.95999999999998,xml_geometry_csv_action
BootPass_49,166,13,13,Position_Unknown,Team_Unknown,Action_PreSnap,1045.32,218.33,1087.08,284.31,41.75999999999999,65.97999999999999,xml_geometry_csv_action
BootPass_49,166,14,14,Position_Unknown,Team_Unknown,Action_PreSnap,1811.17,491.94,1868.74,589.24,57.569999999999936,97.30000000000001,xml_geometry_csv_action
BootPass_49,166,15,15,Position_Unknown,Team_Unknown,Action_PreSnap,461.52,302.76,503.4,376.41,41.879999999999995,73.65000000000003,xml_geometry_csv_action
BootPass_49,166,16,16,Position_Unknown,Team_Unknown,Action_PreSnap,550.66,348.31,600.83,443.5,50.17000000000007,95.19,xml_geometry_csv_action
BootPass_49,166,17,17,Position_Unknown,Team_Unknown,Action_PreSnap,633.75,360.9,685.12,444.46,51.370000000000005,83.56,xml_geometry_csv_action
BootPass_49,166,18,18,Position_Unknown,Team_Unknown,Action_PreSnap,416.52,355.62,463.63,436.45,47.110000000000014,80.82999999999998,xml_geometry_csv_action
BootPass_49,166,19,19,Position_Unknown,Team_Unknown,Action_PreSnap,447.65,236.94,486.25,314.47,38.60000000000002,77.53000000000003,xml_geometry_csv_action
BootPass_49,166,2,2,Position_Unknown,Team_Unknown,Action_PreSnap,379.23,515.48,427.32,616.52,48.089999999999975,101.03999999999996,xml_geometry_csv_action
BootPass_49,166,20,20,Position_Unknown,Team_Unknown,Action_None,164.56,488.27,221.27,593.88,56.71000000000001,105.61000000000001,xml_geometry_csv_action
BootPass_49,166,21,21,Position_Unknown,Team_Unknown,Action_PreSnap,565.09,235.03,625.81,313.4,60.719999999999914,78.36999999999998,xml_geometry_csv_action
BootPass_49,166,22,22,Position_Unknown,Team_Unknown,Action_PreSnap,461.47,361.63,503.3,447.75,41.829999999999984,86.12,xml_geometry_csv_action
BootPass_49,166,4,4,Position_Unknown,Team_Unknown,Action_PreSnap,628.19,221.95,676.76,295.84,48.569999999999936,73.88999999999999,xml_geometry_csv_action
BootPass_49,166,5,5,Position_Unknown,Team_Unknown,Action_PreSnap,443.06,456.6,518.35,555.1,75.29000000000002,98.5,xml_geometry_csv_action
BootPass_49,166,6,6,Position_Unknown,Team_Unknown,Action_PreSnap,888.19,618.09,951.48,724.34,63.289999999999964,106.25,xml_geometry_csv_action
BootPass_49,166,7,7,Position_Unknown,Team_Unknown,Action_PreSnap,1169.58,644.26,1225.03,757.16,55.450000000000045,112.89999999999998,xml_geometry_csv_action
BootPass_49,166,8,8,Position_Unknown,Team_Unknown,Action_PreSnap,410.11,448.6,455.21,538.94,45.099999999999966,90.34000000000003,xml_geometry_csv_action
BootPass_49,166,9,9,Position_Unknown,Team_Unknown,Action_PreSnap,941.16,351.66,994.42,439.21,53.25999999999999,87.54999999999995,xml_geometry_csv_action
BootPass_49,167,1,1,Position_Unknown,Team_Unknown,Action_PreSnap,1872.5,431.8,1920.0,529.18,47.5,97.37999999999994,xml_geometry_csv_action
BootPass_49,167,10,10,Position_Unknown,Team_Unknown,Action_PreSnap,1721.61,402.46,1778.68,493.63,57.070000000000164,91.17000000000002,xml_geometry_csv_action
BootPass_49,167,11,11,Position_Unknown,Team_Unknown,Action_PreSnap,1056.43,454.78,1112.42,547.23,55.99000000000001,92.45000000000005,xml_geometry_csv_action
BootPass_49,167,12,12,Position_Unknown,Team_Unknown,Action_PreSnap,411.28,239.8,457.53,318.45,46.25,78.64999999999998,xml_geometry_csv_action
BootPass_49,167,13,13,Position_Unknown,Team_Unknown,Action_PreSnap,1045.72,221.76,1085.51,291.65,39.789999999999964,69.88999999999999,xml_geometry_csv_action
BootPass_49,167,14,14,Position_Unknown,Team_Unknown,Action_PreSnap,1814.88,490.44,1867.44,586.4,52.559999999999945,95.95999999999998,xml_geometry_csv_action
BootPass_49,167,15,15,Position_Unknown,Team_Unknown,Action_PreSnap,461.01,304.06,504.22,377.2,43.210000000000036,73.13999999999999,xml_geometry_csv_action
BootPass_49,167,16,16,Position_Unknown,Team_Unknown,Action_PreSnap,551.21,349.92,600.46,444.71,49.25,94.78999999999996,xml_geometry_csv_action
BootPass_49,167,17,17,Position_Unknown,Team_Unknown,Action_PreSnap,633.64,363.72,682.66,448.09,49.01999999999998,84.36999999999995,xml_geometry_csv_action
BootPass_49,167,18,18,Position_Unknown,Team_Unknown,Action_PreSnap,416.83,357.53,463.2,437.55,46.370000000000005,80.02000000000004,xml_geometry_csv_action
BootPass_49,167,19,19,Position_Unknown,Team_Unknown,Action_PreSnap,447.78,239.8,486.37,315.79,38.59000000000003,75.99000000000001,xml_geometry_csv_action
BootPass_49,167,2,2,Position_Unknown,Team_Unknown,Action_PreSnap,381.64,517.77,430.61,618.35,48.97000000000003,100.58000000000004,xml_geometry_csv_action
BootPass_49,167,20,20,Position_Unknown,Team_Unknown,Action_None,167.17,487.95,223.23,594.68,56.06,106.72999999999996,xml_geometry_csv_action
BootPass_49,167,21,21,Position_Unknown,Team_Unknown,Action_PreSnap,570.86,236.1,626.51,312.35,55.64999999999998,76.25000000000003,xml_geometry_csv_action
BootPass_49,167,22,22,Position_Unknown,Team_Unknown,Action_PreSnap,461.5,363.38,503.42,448.16,41.920000000000016,84.78000000000003,xml_geometry_csv_action
BootPass_49,167,4,4,Position_Unknown,Team_Unknown,Action_PreSnap,638.9,223.48,683.21,298.62,44.31000000000006,75.14000000000001,xml_geometry_csv_action
BootPass_49,167,5,5,Position_Unknown,Team_Unknown,Action_PreSnap,435.06,459.17,515.42,557.47,80.35999999999996,98.30000000000001,xml_geometry_csv_action
BootPass_49,167,6,6,Position_Unknown,Team_Unknown,Action_PreSnap,894.75,620.5,956.85,726.62,62.10000000000002,106.12,xml_geometry_csv_action
BootPass_49,167,7,7,Position_Unknown,Team_Unknown,Action_PreSnap,1171.46,649.13,1225.83,764.41,54.36999999999989,115.27999999999997,xml_geometry_csv_action
BootPass_49,167,8,8,Position_Unknown,Team_Unknown,Action_PreSnap,407.53,451.64,449.63,541.62,42.10000000000002,89.98000000000002,xml_geometry_csv_action
BootPass_49,167,9,9,Position_Unknown,Team_Unknown,Action_PreSnap,945.6,353.42,997.39,441.37,51.789999999999964,87.94999999999999,xml_geometry_csv_action
BootPass_49,168,1,1,Position_Unknown,Team_Unknown,Action_PreSnap,1870.61,429.54,1920.0,525.74,49.3900000000001,96.19999999999999,xml_geometry_csv_action
BootPass_49,168,10,10,Position_Unknown,Team_Unknown,Action_PreSnap,1724.35,402.6,1778.65,493.82,54.30000000000018,91.21999999999997,xml_geometry_csv_action
BootPass_49,168,11,11,Position_Unknown,Team_Unknown,Action_PreSnap,1056.1,456.94,1113.99,550.43,57.8900000000001,93.48999999999995,xml_geometry_csv_action
BootPass_49,168,12,12,Position_Unknown,Team_Unknown,Action_PreSnap,410.49,240.8,457.27,319.86,46.77999999999997,79.06,xml_geometry_csv_action
BootPass_49,168,13,13,Position_Unknown,Team_Unknown,Action_PreSnap,1045.79,224.24,1082.32,295.74,36.52999999999997,71.5,xml_geometry_csv_action
BootPass_49,168,14,14,Position_Unknown,Team_Unknown,Action_PreSnap,1817.08,488.73,1863.82,585.21,46.74000000000001,96.48000000000002,xml_geometry_csv_action
BootPass_49,168,15,15,Position_Unknown,Team_Unknown,Action_PreSnap,459.97,306.46,504.05,378.83,44.079999999999984,72.37,xml_geometry_csv_action
BootPass_49,168,16,16,Position_Unknown,Team_Unknown,Action_PreSnap,550.16,351.86,598.66,445.68,48.5,93.82,xml_geometry_csv_action
BootPass_49,168,17,17,Position_Unknown,Team_Unknown,Action_PreSnap,631.86,366.69,679.23,452.68,47.370000000000005,85.99000000000001,xml_geometry_csv_action
BootPass_49,168,18,18,Position_Unknown,Team_Unknown,Action_PreSnap,415.46,360.15,462.05,439.6,46.59000000000003,79.45000000000005,xml_geometry_csv_action
BootPass_49,168,19,19,Position_Unknown,Team_Unknown,Action_PreSnap,446.17,243.24,485.69,319.41,39.51999999999998,76.17000000000002,xml_geometry_csv_action
BootPass_49,168,2,2,Position_Unknown,Team_Unknown,Action_PreSnap,386.11,520.48,434.35,618.88,48.24000000000001,98.39999999999998,xml_geometry_csv_action
BootPass_49,168,20,20,Position_Unknown,Team_Unknown,Action_None,170.43,487.74,223.66,593.83,53.22999999999999,106.09000000000003,xml_geometry_csv_action
BootPass_49,168,21,21,Position_Unknown,Team_Unknown,Action_PreSnap,574.77,237.31,625.52,312.4,50.75,75.08999999999997,xml_geometry_csv_action
BootPass_49,168,22,22,Position_Unknown,Team_Unknown,Action_PreSnap,460.94,364.81,502.61,448.8,41.670000000000016,83.99000000000001,xml_geometry_csv_action
BootPass_49,168,4,4,Position_Unknown,Team_Unknown,Action_PreSnap,645.86,225.3,687.7,301.25,41.84000000000003,75.94999999999999,xml_geometry_csv_action
BootPass_49,168,5,5,Position_Unknown,Team_Unknown,Action_PreSnap,428.14,461.94,507.21,558.66,79.07,96.71999999999997,xml_geometry_csv_action
BootPass_49,168,6,6,Position_Unknown,Team_Unknown,Action_PreSnap,903.98,622.89,962.07,730.33,58.09000000000003,107.44000000000005,xml_geometry_csv_action
BootPass_49,168,7,7,Position_Unknown,Team_Unknown,Action_PreSnap,1170.67,653.53,1226.15,771.6,55.48000000000002,118.07000000000005,xml_geometry_csv_action
BootPass_49,168,8,8,Position_Unknown,Team_Unknown,Action_PreSnap,404.02,455.76,444.05,542.86,40.03000000000003,87.10000000000002,xml_geometry_csv_action
BootPass_49,168,9,9,Position_Unknown,Team_Unknown,Action_PreSnap,946.43,355.96,1000.27,444.24,53.84000000000003,88.28000000000003,xml_geometry_csv_action
BootPass_49,169,1,1,Position_Unknown,Team_Unknown,Action_PreSnap,1871.37,427.39,1917.21,522.62,45.840000000000146,95.23000000000002,xml_geometry_csv_action
BootPass_49,169,10,10,Position_Unknown,Team_Unknown,Action_PreSnap,1724.07,404.2,1778.87,492.94,54.799999999999955,88.74000000000001,xml_geometry_csv_action
BootPass_49,169,11,11,Position_Unknown,Team_Unknown,Action_PreSnap,1057.92,459.47,1112.25,550.59,54.32999999999993,91.12,xml_geometry_csv_action
BootPass_49,169,12,12,Position_Unknown,Team_Unknown,Action_PreSnap,407.53,242.14,456.94,321.32,49.410000000000025,79.18,xml_geometry_csv_action
BootPass_49,169,13,13,Position_Unknown,Team_Unknown,Action_PreSnap,1045.56,226.6,1079.23,297.05,33.67000000000007,70.45000000000002,xml_geometry_csv_action
BootPass_49,169,14,14,Position_Unknown,Team_Unknown,Action_PreSnap,1817.13,485.45,1857.26,578.89,40.12999999999988,93.44,xml_geometry_csv_action
BootPass_49,169,15,15,Position_Unknown,Team_Unknown,Action_PreSnap,458.02,308.32,503.24,379.47,45.22000000000003,71.15000000000003,xml_geometry_csv_action
BootPass_49,169,16,16,Position_Unknown,Team_Unknown,Action_PreSnap,549.57,353.33,596.78,445.25,47.20999999999992,91.92000000000002,xml_geometry_csv_action
BootPass_49,169,17,17,Position_Unknown,Team_Unknown,Action_PreSnap,630.27,370.49,675.39,453.55,45.120000000000005,83.06,xml_geometry_csv_action
BootPass_49,169,18,18,Position_Unknown,Team_Unknown,Action_PreSnap,413.93,362.3,459.34,440.64,45.40999999999997,78.33999999999997,xml_geometry_csv_action
BootPass_49,169,19,19,Position_Unknown,Team_Unknown,Action_PreSnap,444.29,246.96,483.8,321.99,39.50999999999999,75.03,xml_geometry_csv_action
BootPass_49,169,2,2,Position_Unknown,Team_Unknown,Action_PreSnap,391.43,524.14,437.56,617.91,46.129999999999995,93.76999999999998,xml_geometry_csv_action
BootPass_49,169,20,20,Position_Unknown,Team_Unknown,Action_None,174.23,487.75,224.42,591.88,50.19,104.13,xml_geometry_csv_action
BootPass_49,169,21,21,Position_Unknown,Team_Unknown,Action_PreSnap,577.76,238.84,621.86,312.65,44.10000000000002,73.80999999999997,xml_geometry_csv_action
BootPass_49,169,22,22,Position_Unknown,Team_Unknown,Action_PreSnap,459.59,366.85,500.78,448.43,41.19,81.57999999999998,xml_geometry_csv_action
BootPass_49,169,4,4,Position_Unknown,Team_Unknown,Action_PreSnap,652.48,226.99,691.75,301.56,39.26999999999998,74.57,xml_geometry_csv_action
BootPass_49,169,5,5,Position_Unknown,Team_Unknown,Action_PreSnap,416.63,463.5,495.91,560.0,79.28000000000003,96.5,xml_geometry_csv_action
BootPass_49,169,6,6,Position_Unknown,Team_Unknown,Action_PreSnap,912.26,625.3,962.74,731.31,50.48000000000002,106.00999999999999,xml_geometry_csv_action
BootPass_49,169,7,7,Position_Unknown,Team_Unknown,Action_PreSnap,1169.31,658.98,1225.12,774.49,55.809999999999945,115.50999999999999,xml_geometry_csv_action
BootPass_49,169,9,9,Position_Unknown,Team_Unknown,Action_PreSnap,946.28,357.65,1003.34,444.76,57.06000000000006,87.11000000000001,xml_geometry_csv_action
BootPass_49,170,1,1,Position_Unknown,Team_Unknown,Action_PreSnap,1870.91,426.31,1913.51,521.31,42.59999999999991,94.99999999999994,xml_geometry_csv_action
BootPass_49,170,10,10,Position_Unknown,Team_Unknown,Action_PreSnap,1717.83,400.67,1778.2,494.25,60.37000000000012,93.57999999999998,xml_geometry_csv_action
BootPass_49,170,11,11,Position_Unknown,Team_Unknown,Action_PreSnap,1059.54,461.77,1109.76,551.88,50.22000000000003,90.11000000000001,xml_geometry_csv_action
BootPass_49,170,12,12,Position_Unknown,Team_Unknown,Action_PreSnap,406.59,243.52,456.87,323.46,50.28000000000003,79.93999999999997,xml_geometry_csv_action
BootPass_49,170,13,13,Position_Unknown,Team_Unknown,Action_PreSnap,1043.28,229.67,1078.02,298.5,34.74000000000001,68.83000000000001,xml_geometry_csv_action
BootPass_49,170,14,14,Position_Unknown,Team_Unknown,Action_PreSnap,1813.68,482.38,1852.58,574.73,38.899999999999864,92.35000000000002,xml_geometry_csv_action
BootPass_49,170,15,15,Position_Unknown,Team_Unknown,Action_PreSnap,455.98,311.0,501.99,380.99,46.00999999999999,69.99000000000001,xml_geometry_csv_action
BootPass_49,170,16,16,Position_Unknown,Team_Unknown,Action_PreSnap,548.74,355.15,593.67,445.92,44.92999999999995,90.77000000000004,xml_geometry_csv_action
BootPass_49,170,17,17,Position_Unknown,Team_Unknown,Action_PreSnap,627.26,373.93,671.51,457.45,44.25,83.51999999999998,xml_geometry_csv_action
BootPass_49,170,18,18,Position_Unknown,Team_Unknown,Action_PreSnap,412.8,364.81,457.86,442.25,45.06,77.44,xml_geometry_csv_action
BootPass_49,170,19,19,Position_Unknown,Team_Unknown,Action_PreSnap,442.16,250.5,482.07,326.54,39.90999999999997,76.04000000000002,xml_geometry_csv_action
BootPass_49,170,2,2,Position_Unknown,Team_Unknown,Action_PreSnap,393.19,527.04,439.57,618.29,46.379999999999995,91.25,xml_geometry_csv_action
BootPass_49,170,20,20,Position_Unknown,Team_Unknown,Action_None,177.71,488.28,224.03,590.96,46.31999999999999,102.68000000000006,xml_geometry_csv_action
BootPass_49,170,21,21,Position_Unknown,Team_Unknown,Action_PreSnap,578.95,241.11,618.81,314.59,39.8599999999999,73.47999999999996,xml_geometry_csv_action
BootPass_49,170,22,22,Position_Unknown,Team_Unknown,Action_PreSnap,458.12,368.87,499.51,449.82,41.389999999999986,80.94999999999999,xml_geometry_csv_action
BootPass_49,170,4,4,Position_Unknown,Team_Unknown,Action_PreSnap,656.65,230.65,695.2,301.92,38.55000000000007,71.27000000000001,xml_geometry_csv_action
BootPass_49,170,5,5,Position_Unknown,Team_Unknown,Action_PreSnap,410.6,466.24,481.42,561.78,70.82,95.53999999999996,xml_geometry_csv_action
BootPass_49,170,6,6,Position_Unknown,Team_Unknown,Action_PreSnap,919.74,628.64,962.88,731.85,43.139999999999986,103.21000000000004,xml_geometry_csv_action
BootPass_49,170,7,7,Position_Unknown,Team_Unknown,Action_PreSnap,1168.29,665.55,1223.43,778.26,55.1400000000001,112.71000000000004,xml_geometry_csv_action
BootPass_49,170,9,9,Position_Unknown,Team_Unknown,Action_PreSnap,947.46,359.54,1005.32,443.77,57.860000000000014,84.22999999999996,xml_geometry_csv_action
BootPass_49,171,1,1,Position_Unknown,Team_Unknown,Action_PreSnap,1868.7,425.23,1913.4,518.92,44.700000000000045,93.68999999999994,xml_geometry_csv_action
BootPass_49,171,10,10,Position_Unknown,Team_Unknown,Action_PreSnap,1724.68,403.24,1775.18,489.52,50.5,86.27999999999997,xml_geometry_csv_action
BootPass_49,171,11,11,Position_Unknown,Team_Unknown,Action_PreSnap,1059.61,464.27,1105.78,552.71,46.17000000000007,88.44000000000005,xml_geometry_csv_action
BootPass_49,171,12,12,Position_Unknown,Team_Unknown,Action_PreSnap,407.68,246.69,456.65,325.78,48.96999999999997,79.08999999999997,xml_geometry_csv_action
BootPass_49,171,13,13,Position_Unknown,Team_Unknown,Action_PreSnap,1040.34,232.14,1077.28,297.52,36.940000000000055,65.38,xml_geometry_csv_action
BootPass_49,171,14,14,Position_Unknown,Team_Unknown,Action_PreSnap,1811.46,481.44,1849.1,573.41,37.63999999999987,91.96999999999997,xml_geometry_csv_action
BootPass_49,171,15,15,Position_Unknown,Team_Unknown,Action_PreSnap,454.75,313.71,499.74,382.71,44.99000000000001,69.0,xml_geometry_csv_action
BootPass_49,171,16,16,Position_Unknown,Team_Unknown,Action_PreSnap,548.77,356.73,592.14,446.93,43.370000000000005,90.19999999999999,xml_geometry_csv_action
BootPass_49,171,17,17,Position_Unknown,Team_Unknown,Action_PreSnap,624.63,376.27,668.71,461.27,44.08000000000004,85.0,xml_geometry_csv_action
BootPass_49,171,18,18,Position_Unknown,Team_Unknown,Action_PreSnap,413.78,367.63,456.98,443.74,43.200000000000045,76.11000000000001,xml_geometry_csv_action
BootPass_49,171,19,19,Position_Unknown,Team_Unknown,Action_PreSnap,440.65,254.71,479.52,329.9,38.870000000000005,75.18999999999997,xml_geometry_csv_action
BootPass_49,171,2,2,Position_Unknown,Team_Unknown,Action_PreSnap,396.83,529.31,443.71,620.46,46.879999999999995,91.15000000000009,xml_geometry_csv_action
BootPass_49,171,20,20,Position_Unknown,Team_Unknown,Action_None,181.21,488.96,224.07,590.48,42.859999999999985,101.52000000000004,xml_geometry_csv_action
BootPass_49,171,21,21,Position_Unknown,Team_Unknown,Action_PreSnap,578.64,243.13,616.49,317.55,37.85000000000002,74.42000000000002,xml_geometry_csv_action
BootPass_49,171,22,22,Position_Unknown,Team_Unknown,Action_PreSnap,456.95,370.68,498.25,450.72,41.30000000000001,80.04000000000002,xml_geometry_csv_action
BootPass_49,171,4,4,Position_Unknown,Team_Unknown,Action_PreSnap,658.36,233.88,701.78,305.29,43.41999999999996,71.41000000000003,xml_geometry_csv_action
BootPass_49,171,6,6,Position_Unknown,Team_Unknown,Action_PreSnap,925.61,631.23,964.97,732.21,39.360000000000014,100.98000000000002,xml_geometry_csv_action
BootPass_49,171,7,7,Position_Unknown,Team_Unknown,Action_PreSnap,1166.5,671.49,1221.7,778.92,55.200000000000045,107.42999999999995,xml_geometry_csv_action
BootPass_49,171,8,8,Position_Unknown,Team_Unknown,Action_PreSnap,380.01,463.83,423.92,544.08,43.910000000000025,80.25000000000006,xml_geometry_csv_action
BootPass_49,171,9,9,Position_Unknown,Team_Unknown,Action_PreSnap,952.88,361.32,1006.82,437.75,53.940000000000055,76.43,xml_geometry_csv_action
BootPass_49,172,1,1,Position_Unknown,Team_Unknown,Action_PreSnap,1865.35,422.89,1912.54,516.79,47.190000000000055,93.89999999999998,xml_geometry_csv_action
BootPass_49,172,11,11,Position_Unknown,Team_Unknown,Action_PreSnap,1052.92,466.77,1104.67,561.98,51.75,95.21000000000004,xml_geometry_csv_action
BootPass_49,172,12,12,Position_Unknown,Team_Unknown,Action_PreSnap,410.18,249.53,458.25,327.17,48.06999999999999,77.64000000000001,xml_geometry_csv_action
BootPass_49,172,13,13,Position_Unknown,Team_Unknown,Action_PreSnap,1034.55,234.4,1077.3,301.27,42.75,66.86999999999998,xml_geometry_csv_action
BootPass_49,172,14,14,Position_Unknown,Team_Unknown,Action_PreSnap,1807.84,480.46,1846.36,569.63,38.51999999999998,89.17000000000002,xml_geometry_csv_action
BootPass_49,172,15,15,Position_Unknown,Team_Unknown,Action_PreSnap,452.21,316.78,498.47,386.02,46.26000000000005,69.24000000000001,xml_geometry_csv_action
BootPass_49,172,16,16,Position_Unknown,Team_Unknown,Action_PreSnap,547.75,357.87,590.72,450.17,42.97000000000003,92.30000000000001,xml_geometry_csv_action
BootPass_49,172,17,17,Position_Unknown,Team_Unknown,Action_PreSnap,621.26,378.51,666.61,467.85,45.35000000000002,89.34000000000003,xml_geometry_csv_action
BootPass_49,172,18,18,Position_Unknown,Team_Unknown,Action_PreSnap,414.25,370.74,457.06,446.97,42.81,76.23000000000002,xml_geometry_csv_action
BootPass_49,172,19,19,Position_Unknown,Team_Unknown,Action_PreSnap,438.82,257.81,479.29,333.09,40.47000000000003,75.27999999999997,xml_geometry_csv_action
BootPass_49,172,2,2,Position_Unknown,Team_Unknown,Action_PreSnap,400.17,530.02,447.47,623.04,47.30000000000001,93.01999999999998,xml_geometry_csv_action
BootPass_49,172,20,20,Position_Unknown,Team_Unknown,Action_None,182.89,489.4,225.26,592.1,42.370000000000005,102.70000000000005,xml_geometry_csv_action
BootPass_49,172,21,21,Position_Unknown,Team_Unknown,Action_PreSnap,577.65,245.31,615.52,321.0,37.870000000000005,75.69,xml_geometry_csv_action
BootPass_49,172,22,22,Position_Unknown,Team_Unknown,Action_PreSnap,454.6,372.94,496.61,454.71,42.00999999999999,81.76999999999998,xml_geometry_csv_action
BootPass_49,172,4,4,Position_Unknown,Team_Unknown,Action_PreSnap,656.98,234.47,708.49,306.66,51.50999999999999,72.19000000000003,xml_geometry_csv_action
BootPass_49,172,5,5,Position_Unknown,Team_Unknown,Action_PreSnap,398.27,469.73,454.31,546.26,56.04000000000002,76.52999999999997,xml_geometry_csv_action
BootPass_49,172,6,6,Position_Unknown,Team_Unknown,Action_PreSnap,927.74,632.52,972.3,736.8,44.559999999999945,104.27999999999997,xml_geometry_csv_action
BootPass_49,172,7,7,Position_Unknown,Team_Unknown,Action_PreSnap,1164.96,674.6,1220.67,782.5,55.710000000000036,107.89999999999998,xml_geometry_csv_action
BootPass_49,172,8,8,Position_Unknown,Team_Unknown,Action_PreSnap,373.68,467.04,418.19,547.48,44.50999999999999,80.44,xml_geometry_csv_action
BootPass_49,172,9,9,Position_Unknown,Team_Unknown,Action_PreSnap,957.35,363.43,1008.51,437.25,51.15999999999997,73.82,xml_geometry_csv_action
BootPass_49,173,1,1,Position_Unknown,Team_Unknown,Action_PreSnap,1863.21,421.24,1911.03,513.17,47.819999999999936,91.92999999999995,xml_geometry_csv_action
BootPass_49,173,10,10,Position_Unknown,Team_Unknown,Action_PreSnap,1728.08,405.27,1773.6,494.13,45.51999999999998,88.86000000000001,xml_geometry_csv_action
BootPass_49,173,11,11,Position_Unknown,Team_Unknown,Action_PreSnap,1057.26,469.84,1106.23,561.51,48.97000000000003,91.67000000000002,xml_geometry_csv_action
BootPass_49,173,12,12,Position_Unknown,Team_Unknown,Action_PreSnap,413.28,252.0,460.03,328.41,46.75,76.41000000000003,xml_geometry_csv_action
BootPass_49,173,13,13,Position_Unknown,Team_Unknown,Action_PreSnap,1032.51,235.74,1078.04,303.81,45.52999999999997,68.07,xml_geometry_csv_action
BootPass_49,173,14,14,Position_Unknown,Team_Unknown,Action_PreSnap,1804.21,479.13,1844.68,569.53,40.47000000000003,90.39999999999998,xml_geometry_csv_action
BootPass_49,173,15,15,Position_Unknown,Team_Unknown,Action_PreSnap,451.55,319.85,497.84,387.86,46.289999999999964,68.00999999999999,xml_geometry_csv_action
BootPass_49,173,16,16,Position_Unknown,Team_Unknown,Action_PreSnap,547.03,359.41,590.45,451.34,43.42000000000007,91.92999999999995,xml_geometry_csv_action
BootPass_49,173,17,17,Position_Unknown,Team_Unknown,Action_PreSnap,619.01,380.49,664.65,469.67,45.639999999999986,89.18,xml_geometry_csv_action
BootPass_49,173,18,18,Position_Unknown,Team_Unknown,Action_PreSnap,414.35,374.06,456.79,449.54,42.44,75.48000000000002,xml_geometry_csv_action
BootPass_49,173,19,19,Position_Unknown,Team_Unknown,Action_PreSnap,438.61,260.0,479.09,335.6,40.47999999999996,75.60000000000002,xml_geometry_csv_action
BootPass_49,173,2,2,Position_Unknown,Team_Unknown,Action_PreSnap,402.2,530.79,452.48,626.12,50.28000000000003,95.33000000000004,xml_geometry_csv_action
BootPass_49,173,20,20,Position_Unknown,Team_Unknown,Action_None,185.62,489.81,228.06,592.83,42.44,103.02000000000004,xml_geometry_csv_action
BootPass_49,173,21,21,Position_Unknown,Team_Unknown,Action_PreSnap,576.91,247.71,615.45,323.74,38.54000000000008,76.03,xml_geometry_csv_action
BootPass_49,173,22,22,Position_Unknown,Team_Unknown,Action_PreSnap,453.88,375.36,495.93,457.48,42.05000000000001,82.12,xml_geometry_csv_action
BootPass_49,173,4,4,Position_Unknown,Team_Unknown,Action_PreSnap,660.05,235.9,714.97,308.14,54.92000000000007,72.23999999999998,xml_geometry_csv_action
BootPass_49,173,6,6,Position_Unknown,Team_Unknown,Action_PreSnap,931.05,633.69,978.24,735.36,47.190000000000055,101.66999999999996,xml_geometry_csv_action
BootPass_49,173,7,7,Position_Unknown,Team_Unknown,Action_PreSnap,1164.52,677.78,1218.23,784.76,53.710000000000036,106.98000000000002,xml_geometry_csv_action
BootPass_49,173,8,8,Position_Unknown,Team_Unknown,Action_PreSnap,369.08,470.85,412.59,550.0,43.50999999999999,79.14999999999998,xml_geometry_csv_action
BootPass_49,173,9,9,Position_Unknown,Team_Unknown,Action_PreSnap,969.12,366.49,1011.29,433.22,42.16999999999996,66.73000000000002,xml_geometry_csv_action
BootPass_49,174,1,1,Position_Unknown,Team_Unknown,Action_PreSnap,1859.64,420.48,1908.77,509.06,49.12999999999988,88.57999999999998,xml_geometry_csv_action
BootPass_49,174,10,10,Position_Unknown,Team_Unknown,Action_PreSnap,1724.93,404.57,1774.53,496.59,49.59999999999991,92.01999999999998,xml_geometry_csv_action
BootPass_49,174,11,11,Position_Unknown,Team_Unknown,Action_PreSnap,1060.94,473.5,1107.62,563.29,46.679999999999836,89.78999999999996,xml_geometry_csv_action
BootPass_49,174,12,12,Position_Unknown,Team_Unknown,Action_PreSnap,418.74,254.22,463.63,328.04,44.889999999999986,73.82000000000002,xml_geometry_csv_action
BootPass_49,174,13,13,Position_Unknown,Team_Unknown,Action_PreSnap,1031.42,237.9,1078.17,306.88,46.75,68.97999999999999,xml_geometry_csv_action
BootPass_49,174,14,14,Position_Unknown,Team_Unknown,Action_PreSnap,1800.53,477.06,1841.86,569.22,41.32999999999993,92.16000000000003,xml_geometry_csv_action
BootPass_49,174,15,15,Position_Unknown,Team_Unknown,Action_PreSnap,450.59,321.33,497.27,389.41,46.68000000000001,68.08000000000004,xml_geometry_csv_action
BootPass_49,174,16,16,Position_Unknown,Team_Unknown,Action_PreSnap,546.68,361.36,589.77,453.22,43.09000000000003,91.86000000000001,xml_geometry_csv_action
BootPass_49,174,17,17,Position_Unknown,Team_Unknown,Action_PreSnap,616.12,382.9,661.05,473.48,44.92999999999995,90.58000000000004,xml_geometry_csv_action
BootPass_49,174,18,18,Position_Unknown,Team_Unknown,Action_PreSnap,412.53,376.07,456.09,451.52,43.56,75.44999999999999,xml_geometry_csv_action
BootPass_49,174,19,19,Position_Unknown,Team_Unknown,Action_PreSnap,436.15,261.4,478.26,338.18,42.110000000000014,76.78000000000003,xml_geometry_csv_action
BootPass_49,174,2,2,Position_Unknown,Team_Unknown,Action_PreSnap,404.36,532.26,454.78,630.18,50.41999999999996,97.91999999999996,xml_geometry_csv_action
BootPass_49,174,20,20,Position_Unknown,Team_Unknown,Action_None,187.03,490.33,230.08,593.87,43.05000000000001,103.54000000000002,xml_geometry_csv_action
BootPass_49,174,21,21,Position_Unknown,Team_Unknown,Action_PreSnap,576.06,250.42,615.21,327.8,39.15000000000009,77.38000000000002,xml_geometry_csv_action
BootPass_49,174,22,22,Position_Unknown,Team_Unknown,Action_PreSnap,452.65,377.13,495.0,459.76,42.35000000000002,82.63,xml_geometry_csv_action
BootPass_49,174,4,4,Position_Unknown,Team_Unknown,Action_PreSnap,668.47,238.04,721.14,309.36,52.66999999999996,71.32000000000002,xml_geometry_csv_action
BootPass_49,174,5,5,Position_Unknown,Team_Unknown,Action_PreSnap,389.8,479.69,431.26,572.17,41.45999999999998,92.47999999999996,xml_geometry_csv_action
BootPass_49,174,6,6,Position_Unknown,Team_Unknown,Action_PreSnap,935.62,633.98,983.14,730.41,47.51999999999998,96.42999999999995,xml_geometry_csv_action
BootPass_49,174,7,7,Position_Unknown,Team_Unknown,Action_PreSnap,1164.55,680.49,1215.36,786.69,50.809999999999945,106.20000000000005,xml_geometry_csv_action
BootPass_49,174,8,8,Position_Unknown,Team_Unknown,Action_PreSnap,361.63,471.45,407.02,556.16,45.389999999999986,84.70999999999998,xml_geometry_csv_action
BootPass_49,174,9,9,Position_Unknown,Team_Unknown,Action_PreSnap,977.68,370.35,1013.52,430.38,35.84000000000003,60.02999999999997,xml_geometry_csv_action
BootPass_49,175,1,1,Position_Unknown,Team_Unknown,Action_PreSnap,1852.83,417.05,1903.45,506.06,50.62000000000012,89.00999999999999,xml_geometry_csv_action
BootPass_49,175,10,10,Position_Unknown,Team_Unknown,Action_PreSnap,1726.25,401.39,1774.22,496.53,47.97000000000003,95.13999999999999,xml_geometry_csv_action
BootPass_49,175,11,11,Position_Unknown,Team_Unknown,Action_PreSnap,1063.87,476.32,1107.65,561.84,43.7800000000002,85.52000000000004,xml_geometry_csv_action
BootPass_49,175,13,13,Position_Unknown,Team_Unknown,Action_PreSnap,1034.65,239.36,1077.47,306.75,42.819999999999936,67.38999999999999,xml_geometry_csv_action
BootPass_49,175,14,14,Position_Unknown,Team_Unknown,Action_PreSnap,1797.86,474.57,1839.84,567.85,41.98000000000002,93.28000000000003,xml_geometry_csv_action
BootPass_49,175,15,15,Position_Unknown,Team_Unknown,Action_PreSnap,449.2,322.39,495.26,390.65,46.06,68.25999999999999,xml_geometry_csv_action
BootPass_49,175,16,16,Position_Unknown,Team_Unknown,Action_PreSnap,545.34,363.07,588.72,454.8,43.379999999999995,91.73000000000002,xml_geometry_csv_action
BootPass_49,175,17,17,Position_Unknown,Team_Unknown,Action_PreSnap,612.0,384.75,656.07,476.34,44.07000000000005,91.58999999999997,xml_geometry_csv_action
BootPass_49,175,18,18,Position_Unknown,Team_Unknown,Action_PreSnap,410.33,378.21,454.08,453.18,43.75,74.97000000000003,xml_geometry_csv_action
BootPass_49,175,19,19,Position_Unknown,Team_Unknown,Action_PreSnap,431.15,260.1,474.9,337.84,43.75,77.73999999999995,xml_geometry_csv_action
BootPass_49,175,2,2,Position_Unknown,Team_Unknown,Action_PreSnap,402.61,533.53,455.45,634.72,52.839999999999975,101.19000000000005,xml_geometry_csv_action
BootPass_49,175,20,20,Position_Unknown,Team_Unknown,Action_None,187.48,490.6,231.58,594.58,44.10000000000002,103.98000000000002,xml_geometry_csv_action
BootPass_49,175,21,21,Position_Unknown,Team_Unknown,Action_PreSnap,574.61,252.33,614.01,330.05,39.39999999999998,77.72,xml_geometry_csv_action
BootPass_49,175,22,22,Position_Unknown,Team_Unknown,Action_PreSnap,450.34,378.57,493.18,460.77,42.84000000000003,82.19999999999999,xml_geometry_csv_action
BootPass_49,175,4,4,Position_Unknown,Team_Unknown,Action_PreSnap,678.11,239.72,722.53,308.49,44.41999999999996,68.77000000000001,xml_geometry_csv_action
BootPass_49,175,6,6,Position_Unknown,Team_Unknown,Action_PreSnap,931.17,634.26,987.45,732.71,56.280000000000086,98.45000000000005,xml_geometry_csv_action
BootPass_49,175,7,7,Position_Unknown,Team_Unknown,Action_PreSnap,1164.01,683.03,1213.3,789.28,49.289999999999964,106.25,xml_geometry_csv_action
BootPass_49,175,9,9,Position_Unknown,Team_Unknown,Action_PreSnap,980.09,373.39,1015.21,432.54,35.120000000000005,59.150000000000034,xml_geometry_csv_action
BootPass_49,176,1,1,Position_Unknown,Team_Unknown,Action_PreSnap,1848.42,414.31,1897.09,504.22,48.669999999999845,89.91000000000003,xml_geometry_csv_action
BootPass_49,176,10,10,Position_Unknown,Team_Unknown,Action_PreSnap,1724.61,402.12,1771.29,493.65,46.680000000000064,91.52999999999997,xml_geometry_csv_action
BootPass_49,176,11,11,Position_Unknown,Team_Unknown,Action_PreSnap,1064.53,478.48,1106.62,558.1,42.08999999999992,79.62,xml_geometry_csv_action
BootPass_49,176,13,13,Position_Unknown,Team_Unknown,Action_PreSnap,1036.51,241.97,1075.85,309.59,39.33999999999992,67.61999999999998,xml_geometry_csv_action
BootPass_49,176,15,15,Position_Unknown,Team_Unknown,Action_PreSnap,446.86,324.28,492.76,392.32,45.89999999999998,68.04000000000002,xml_geometry_csv_action
BootPass_49,176,16,16,Position_Unknown,Team_Unknown,Action_PreSnap,544.14,365.37,587.28,455.9,43.139999999999986,90.52999999999997,xml_geometry_csv_action
BootPass_49,176,17,17,Position_Unknown,Team_Unknown,Action_PreSnap,607.39,387.73,651.03,479.38,43.639999999999986,91.64999999999998,xml_geometry_csv_action
BootPass_49,176,18,18,Position_Unknown,Team_Unknown,Action_PreSnap,408.64,379.93,451.43,453.25,42.79000000000002,73.32,xml_geometry_csv_action
BootPass_49,176,19,19,Position_Unknown,Team_Unknown,Action_PreSnap,429.8,260.67,472.7,339.79,42.89999999999998,79.12,xml_geometry_csv_action
BootPass_49,176,2,2,Position_Unknown,Team_Unknown,Action_PreSnap,400.2,535.03,455.98,638.61,55.78000000000003,103.58000000000004,xml_geometry_csv_action
BootPass_49,176,20,20,Position_Unknown,Team_Unknown,Action_None,186.26,490.98,231.77,594.28,45.51000000000002,103.29999999999995,xml_geometry_csv_action
BootPass_49,176,21,21,Position_Unknown,Team_Unknown,Action_PreSnap,573.02,255.41,611.74,331.48,38.72000000000003,76.07000000000002,xml_geometry_csv_action
BootPass_49,176,22,22,Position_Unknown,Team_Unknown,Action_PreSnap,447.19,380.15,490.44,461.56,43.25,81.41000000000003,xml_geometry_csv_action
BootPass_49,176,4,4,Position_Unknown,Team_Unknown,Action_PreSnap,685.1,243.33,724.97,310.07,39.870000000000005,66.73999999999998,xml_geometry_csv_action
BootPass_49,176,5,5,Position_Unknown,Team_Unknown,Action_PreSnap,363.36,479.15,411.86,579.08,48.5,99.93000000000006,xml_geometry_csv_action
BootPass_49,176,6,6,Position_Unknown,Team_Unknown,Action_PreSnap,933.0,635.14,990.47,737.17,57.47000000000003,102.02999999999997,xml_geometry_csv_action
BootPass_49,176,7,7,Position_Unknown,Team_Unknown,Action_PreSnap,1161.98,686.13,1210.75,799.26,48.76999999999998,113.13,xml_geometry_csv_action
BootPass_49,176,9,9,Position_Unknown,Team_Unknown,Action_PreSnap,981.33,376.27,1016.0,439.04,34.66999999999996,62.77000000000004,xml_geometry_csv_action
BootPass_49,177,1,1,Position_Unknown,Team_Unknown,Action_PreSnap,1845.71,412.52,1889.86,502.26,44.149999999999864,89.74000000000001,xml_geometry_csv_action
BootPass_49,177,10,10,Position_Unknown,Team_Unknown,Action_PreSnap,1719.67,405.07,1765.25,491.99,45.57999999999993,86.92000000000002,xml_geometry_csv_action
BootPass_49,177,11,11,Position_Unknown,Team_Unknown,Action_PreSnap,1067.42,480.11,1106.44,554.66,39.01999999999998,74.54999999999995,xml_geometry_csv_action
BootPass_49,177,13,13,Position_Unknown,Team_Unknown,Action_PreSnap,1037.34,244.13,1073.27,311.35,35.930000000000064,67.22000000000003,xml_geometry_csv_action
BootPass_49,177,15,15,Position_Unknown,Team_Unknown,Action_PreSnap,445.66,326.42,488.44,392.31,42.77999999999997,65.88999999999999,xml_geometry_csv_action
BootPass_49,177,16,16,Position_Unknown,Team_Unknown,Action_PreSnap,541.94,367.92,584.39,457.66,42.44999999999993,89.74000000000001,xml_geometry_csv_action
BootPass_49,177,17,17,Position_Unknown,Team_Unknown,Action_PreSnap,602.9,391.4,645.54,480.55,42.639999999999986,89.15000000000003,xml_geometry_csv_action
BootPass_49,177,18,18,Position_Unknown,Team_Unknown,Action_PreSnap,406.84,382.12,448.79,455.38,41.950000000000045,73.25999999999999,xml_geometry_csv_action
BootPass_49,177,19,19,Position_Unknown,Team_Unknown,Action_PreSnap,430.86,261.89,469.4,338.33,38.539999999999964,76.44,xml_geometry_csv_action
BootPass_49,177,2,2,Position_Unknown,Team_Unknown,Action_PreSnap,399.16,536.4,455.52,640.91,56.35999999999996,104.50999999999999,xml_geometry_csv_action
BootPass_49,177,20,20,Position_Unknown,Team_Unknown,Action_None,185.1,491.83,231.05,593.48,45.95000000000002,101.65000000000003,xml_geometry_csv_action
BootPass_49,177,21,21,Position_Unknown,Team_Unknown,Action_PreSnap,571.96,257.71,607.66,331.45,35.69999999999993,73.74000000000001,xml_geometry_csv_action
BootPass_49,177,22,22,Position_Unknown,Team_Unknown,Action_PreSnap,445.04,381.69,487.27,460.42,42.22999999999996,78.73000000000002,xml_geometry_csv_action
BootPass_49,177,4,4,Position_Unknown,Team_Unknown,Action_PreSnap,692.54,246.61,727.34,314.09,34.80000000000007,67.47999999999996,xml_geometry_csv_action
BootPass_49,177,6,6,Position_Unknown,Team_Unknown,Action_PreSnap,946.07,637.28,991.59,738.57,45.51999999999998,101.29000000000008,xml_geometry_csv_action
BootPass_49,177,7,7,Position_Unknown,Team_Unknown,Action_PreSnap,1162.68,691.06,1206.08,800.41,43.399999999999864,109.35000000000002,xml_geometry_csv_action
BootPass_49,177,9,9,Position_Unknown,Team_Unknown,Action_PreSnap,984.13,378.14,1017.83,446.48,33.700000000000045,68.34000000000003,xml_geometry_csv_action
BootPass_49,178,1,1,Position_Unknown,Team_Unknown,Action_PreSnap,1843.62,409.65,1884.6,500.53,40.98000000000002,90.88,xml_geometry_csv_action
BootPass_49,178,10,10,Position_Unknown,Team_Unknown,Action_PreSnap,1714.49,405.14,1762.16,491.73,47.67000000000007,86.59000000000003,xml_geometry_csv_action
BootPass_49,178,11,11,Position_Unknown,Team_Unknown,Action_PreSnap,1065.74,480.97,1106.8,564.34,41.059999999999945,83.37,xml_geometry_csv_action
BootPass_49,178,13,13,Position_Unknown,Team_Unknown,Action_PreSnap,1035.06,243.32,1074.0,312.39,38.940000000000055,69.07,xml_geometry_csv_action
BootPass_49,178,15,15,Position_Unknown,Team_Unknown,Action_PreSnap,443.89,328.31,485.09,392.99,41.19999999999999,64.68,xml_geometry_csv_action
BootPass_49,178,16,16,Position_Unknown,Team_Unknown,Action_PreSnap,539.28,370.84,582.7,460.28,43.42000000000007,89.44,xml_geometry_csv_action
BootPass_49,178,17,17,Position_Unknown,Team_Unknown,Action_PreSnap,598.22,395.32,640.47,482.37,42.25,87.05000000000001,xml_geometry_csv_action
BootPass_49,178,18,18,Position_Unknown,Team_Unknown,Action_PreSnap,404.38,383.48,446.8,457.14,42.420000000000016,73.65999999999997,xml_geometry_csv_action
BootPass_49,178,19,19,Position_Unknown,Team_Unknown,Action_PreSnap,431.86,264.06,467.89,337.25,36.02999999999997,73.19,xml_geometry_csv_action
BootPass_49,178,2,2,Position_Unknown,Team_Unknown,Action_PreSnap,402.35,538.66,454.93,644.11,52.579999999999984,105.45000000000005,xml_geometry_csv_action
BootPass_49,178,20,20,Position_Unknown,Team_Unknown,Action_None,184.02,492.64,230.78,595.75,46.75999999999999,103.11000000000001,xml_geometry_csv_action
BootPass_49,178,21,21,Position_Unknown,Team_Unknown,Action_PreSnap,569.7,260.37,604.22,333.55,34.51999999999998,73.18,xml_geometry_csv_action
BootPass_49,178,22,22,Position_Unknown,Team_Unknown,Action_PreSnap,442.28,382.6,484.87,461.48,42.59000000000003,78.88,xml_geometry_csv_action
BootPass_49,178,4,4,Position_Unknown,Team_Unknown,Action_PreSnap,694.63,248.58,733.31,317.99,38.67999999999995,69.41,xml_geometry_csv_action
BootPass_49,178,5,5,Position_Unknown,Team_Unknown,Action_PreSnap,350.65,481.83,399.53,579.73,48.879999999999995,97.90000000000003,xml_geometry_csv_action
BootPass_49,178,6,6,Position_Unknown,Team_Unknown,Action_PreSnap,954.27,639.93,994.74,742.35,40.47000000000003,102.42000000000007,xml_geometry_csv_action
BootPass_49,178,7,7,Position_Unknown,Team_Unknown,Action_PreSnap,1159.81,695.54,1204.24,806.25,44.430000000000064,110.71000000000004,xml_geometry_csv_action
BootPass_49,178,9,9,Position_Unknown,Team_Unknown,Action_PreSnap,982.94,380.94,1020.52,454.21,37.57999999999993,73.26999999999998,xml_geometry_csv_action
BootPass_49,179,1,1,Position_Unknown,Team_Unknown,Action_PreSnap,1839.76,407.65,1876.94,490.93,37.180000000000064,83.28000000000003,xml_geometry_csv_action
BootPass_49,179,10,10,Position_Unknown,Team_Unknown,Action_PreSnap,1710.79,406.13,1756.8,489.62,46.00999999999999,83.49000000000001,xml_geometry_csv_action
BootPass_49,179,11,11,Position_Unknown,Team_Unknown,Action_PreSnap,1064.63,482.7,1105.5,567.45,40.86999999999989,84.75000000000006,xml_geometry_csv_action
BootPass_49,179,13,13,Position_Unknown,Team_Unknown,Action_PreSnap,1034.39,244.13,1071.84,310.1,37.44999999999982,65.97000000000003,xml_geometry_csv_action
BootPass_49,179,15,15,Position_Unknown,Team_Unknown,Action_PreSnap,441.72,330.63,480.91,390.7,39.19,60.06999999999999,xml_geometry_csv_action
BootPass_49,179,16,16,Position_Unknown,Team_Unknown,Action_PreSnap,535.57,374.19,577.91,464.02,42.33999999999992,89.82999999999998,xml_geometry_csv_action
BootPass_49,179,17,17,Position_Unknown,Team_Unknown,Action_PreSnap,594.69,399.59,634.6,481.67,39.90999999999997,82.08000000000004,xml_geometry_csv_action
BootPass_49,179,19,19,Position_Unknown,Team_Unknown,Action_PreSnap,430.98,265.19,464.68,336.79,33.69999999999999,71.60000000000002,xml_geometry_csv_action
BootPass_49,179,2,2,Position_Unknown,Team_Unknown,Action_PreSnap,405.42,540.78,452.68,643.03,47.25999999999999,102.25,xml_geometry_csv_action
BootPass_49,179,21,21,Position_Unknown,Team_Unknown,Action_PreSnap,565.96,262.91,598.71,334.01,32.75,71.09999999999997,xml_geometry_csv_action
BootPass_49,179,4,4,Position_Unknown,Team_Unknown,Action_PreSnap,697.56,248.99,734.08,317.13,36.520000000000095,68.13999999999999,xml_geometry_csv_action
BootPass_49,179,6,6,Position_Unknown,Team_Unknown,Action_PreSnap,958.88,643.08,995.58,743.83,36.700000000000045,100.75,xml_geometry_csv_action
BootPass_49,179,7,7,Position_Unknown,Team_Unknown,Action_PreSnap,1157.34,700.59,1199.69,807.16,42.350000000000136,106.56999999999994,xml_geometry_csv_action
BootPass_49,179,9,9,Position_Unknown,Team_Unknown,Action_PreSnap,983.53,381.98,1019.75,455.31,36.22000000000003,73.32999999999998,xml_geometry_csv_action
BootPass_49,180,1,1,Position_Unknown,Team_Unknown,Action_PreSnap,1833.31,405.04,1870.43,484.97,37.12000000000012,79.93,xml_geometry_csv_action
BootPass_49,180,10,10,Position_Unknown,Team_Unknown,Action_PreSnap,1709.53,403.12,1750.2,487.53,40.67000000000007,84.40999999999997,xml_geometry_csv_action
BootPass_49,180,11,11,Position_Unknown,Team_Unknown,Action_PreSnap,1061.83,484.54,1102.33,571.52,40.5,86.97999999999996,xml_geometry_csv_action
BootPass_49,180,13,13,Position_Unknown,Team_Unknown,Action_PreSnap,1029.08,246.54,1071.14,312.2,42.06000000000017,65.66,xml_geometry_csv_action
BootPass_49,180,15,15,Position_Unknown,Team_Unknown,Action_PreSnap,437.9,332.6,476.29,390.0,38.39000000000004,57.39999999999998,xml_geometry_csv_action
BootPass_49,180,16,16,Position_Unknown,Team_Unknown,Action_PreSnap,531.42,377.05,573.54,465.95,42.120000000000005,88.89999999999998,xml_geometry_csv_action
BootPass_49,180,17,17,Position_Unknown,Team_Unknown,Action_PreSnap,588.54,402.35,627.5,483.12,38.960000000000036,80.76999999999998,xml_geometry_csv_action
BootPass_49,180,19,19,Position_Unknown,Team_Unknown,Action_PreSnap,426.65,266.47,461.61,336.86,34.960000000000036,70.38999999999999,xml_geometry_csv_action
BootPass_49,180,2,2,Position_Unknown,Team_Unknown,Action_PreSnap,405.58,543.23,448.96,642.01,43.379999999999995,98.77999999999997,xml_geometry_csv_action
BootPass_49,180,20,20,Position_Unknown,Team_Unknown,Action_None,180.03,493.9,226.76,594.82,46.72999999999999,100.92000000000007,xml_geometry_csv_action
BootPass_49,180,21,21,Position_Unknown,Team_Unknown,Action_PreSnap,561.22,264.59,593.33,335.48,32.110000000000014,70.89000000000004,xml_geometry_csv_action
BootPass_49,180,4,4,Position_Unknown,Team_Unknown,Action_PreSnap,697.79,251.03,736.19,318.86,38.40000000000009,67.83000000000001,xml_geometry_csv_action
BootPass_49,180,6,6,Position_Unknown,Team_Unknown,Action_PreSnap,960.23,645.3,997.05,745.09,36.819999999999936,99.79000000000008,xml_geometry_csv_action
BootPass_49,180,7,7,Position_Unknown,Team_Unknown,Action_PreSnap,1153.02,704.13,1196.29,805.9,43.26999999999998,101.76999999999998,xml_geometry_csv_action
BootPass_49,180,9,9,Position_Unknown,Team_Unknown,Action_PreSnap,983.93,382.89,1019.18,457.51,35.25,74.62,xml_geometry_csv_action
BootPass_49,181,1,1,Position_Unknown,Team_Unknown,Action_PreSnap,1826.92,403.0,1863.34,480.85,36.419999999999845,77.85000000000002,xml_geometry_csv_action
BootPass_49,181,10,10,Position_Unknown,Team_Unknown,Action_PreSnap,1709.37,404.48,1744.86,489.28,35.49000000000001,84.79999999999995,xml_geometry_csv_action
BootPass_49,181,11,11,Position_Unknown,Team_Unknown,Action_PreSnap,1061.18,486.91,1099.92,574.26,38.74000000000001,87.34999999999997,xml_geometry_csv_action
BootPass_49,181,13,13,Position_Unknown,Team_Unknown,Action_PreSnap,1028.37,247.99,1070.65,312.65,42.2800000000002,64.65999999999997,xml_geometry_csv_action
BootPass_49,181,15,15,Position_Unknown,Team_Unknown,Action_PreSnap,435.14,334.28,471.3,392.87,36.160000000000025,58.59000000000003,xml_geometry_csv_action
BootPass_49,181,16,16,Position_Unknown,Team_Unknown,Action_PreSnap,527.66,380.23,570.64,469.35,42.98000000000002,89.12,xml_geometry_csv_action
BootPass_49,181,17,17,Position_Unknown,Team_Unknown,Action_PreSnap,583.44,404.71,621.72,483.66,38.27999999999997,78.95000000000005,xml_geometry_csv_action
BootPass_49,181,19,19,Position_Unknown,Team_Unknown,Action_PreSnap,423.1,270.01,458.2,337.9,35.099999999999966,67.88999999999999,xml_geometry_csv_action
BootPass_49,181,2,2,Position_Unknown,Team_Unknown,Action_PreSnap,404.83,545.97,446.47,642.07,41.64000000000004,96.10000000000002,xml_geometry_csv_action
BootPass_49,181,21,21,Position_Unknown,Team_Unknown,Action_PreSnap,556.61,266.87,588.62,337.86,32.00999999999999,70.99000000000001,xml_geometry_csv_action
BootPass_49,181,4,4,Position_Unknown,Team_Unknown,Action_PreSnap,696.11,253.62,737.39,321.18,41.27999999999997,67.56,xml_geometry_csv_action
BootPass_49,181,5,5,Position_Unknown,Team_Unknown,Action_PreSnap,321.74,482.58,378.48,580.34,56.74000000000001,97.76000000000005,xml_geometry_csv_action
BootPass_49,181,6,6,Position_Unknown,Team_Unknown,Action_PreSnap,960.62,647.37,998.46,742.76,37.84000000000003,95.38999999999999,xml_geometry_csv_action
BootPass_49,181,7,7,Position_Unknown,Team_Unknown,Action_PreSnap,1150.17,707.32,1192.15,804.66,41.98000000000002,97.33999999999992,xml_geometry_csv_action
BootPass_49,181,9,9,Position_Unknown,Team_Unknown,Action_PreSnap,985.44,388.77,1017.24,460.64,31.799999999999955,71.87,xml_geometry_csv_action
BootPass_49,182,1,1,Position_Unknown,Team_Unknown,Action_PreSnap,1821.54,398.85,1858.29,478.81,36.75,79.95999999999998,xml_geometry_csv_action
BootPass_49,182,10,10,Position_Unknown,Team_Unknown,Action_PreSnap,1707.49,405.9,1743.57,490.01,36.07999999999993,84.11000000000001,xml_geometry_csv_action
BootPass_49,182,11,11,Position_Unknown,Team_Unknown,Action_PreSnap,1056.78,487.77,1096.72,577.8,39.940000000000055,90.02999999999997,xml_geometry_csv_action
BootPass_49,182,13,13,Position_Unknown,Team_Unknown,Action_PreSnap,1017.37,247.75,1067.34,314.55,49.969999999999914,66.80000000000001,xml_geometry_csv_action
BootPass_49,182,15,15,Position_Unknown,Team_Unknown,Action_PreSnap,428.36,334.65,464.84,395.11,36.47999999999996,60.460000000000036,xml_geometry_csv_action
BootPass_49,182,16,16,Position_Unknown,Team_Unknown,Action_PreSnap,521.83,381.18,566.39,470.76,44.559999999999945,89.57999999999998,xml_geometry_csv_action
BootPass_49,182,17,17,Position_Unknown,Team_Unknown,Action_PreSnap,574.57,406.14,615.71,488.52,41.139999999999986,82.38,xml_geometry_csv_action
BootPass_49,182,18,18,Position_Unknown,Team_Unknown,Action_PreSnap,383.76,387.23,426.83,460.85,43.06999999999999,73.62,xml_geometry_csv_action
BootPass_49,182,19,19,Position_Unknown,Team_Unknown,Action_PreSnap,416.35,270.59,453.16,340.27,36.81,69.68,xml_geometry_csv_action
BootPass_49,182,2,2,Position_Unknown,Team_Unknown,Action_PreSnap,398.66,547.84,441.48,646.16,42.81999999999999,98.31999999999994,xml_geometry_csv_action
BootPass_49,182,20,20,Position_Unknown,Team_Unknown,Action_None,168.49,496.47,217.61,596.43,49.120000000000005,99.95999999999992,xml_geometry_csv_action
BootPass_49,182,21,21,Position_Unknown,Team_Unknown,Action_PreSnap,549.91,267.69,582.64,339.89,32.73000000000002,72.19999999999999,xml_geometry_csv_action
BootPass_49,182,22,22,Position_Unknown,Team_Unknown,Action_PreSnap,421.23,382.42,463.96,464.67,42.72999999999996,82.25,xml_geometry_csv_action
BootPass_49,182,4,4,Position_Unknown,Team_Unknown,Action_PreSnap,692.13,255.23,739.33,322.91,47.200000000000045,67.68000000000004,xml_geometry_csv_action
BootPass_49,182,5,5,Position_Unknown,Team_Unknown,Action_PreSnap,308.98,481.64,370.88,581.43,61.89999999999998,99.78999999999996,xml_geometry_csv_action
BootPass_49,182,6,6,Position_Unknown,Team_Unknown,Action_PreSnap,951.6,646.85,999.58,744.67,47.98000000000002,97.81999999999994,xml_geometry_csv_action
BootPass_49,182,7,7,Position_Unknown,Team_Unknown,Action_PreSnap,1145.15,709.28,1190.27,809.69,45.11999999999989,100.41000000000008,xml_geometry_csv_action
BootPass_49,182,9,9,Position_Unknown,Team_Unknown,Action_PreSnap,982.04,387.28,1019.04,462.58,37.0,75.30000000000001,xml_geometry_csv_action
BootPass_49,183,1,1,Position_Unknown,Team_Unknown,Action_PreSnap,1817.79,396.17,1854.36,476.92,36.569999999999936,80.75,xml_geometry_csv_action
BootPass_49,183,10,10,Position_Unknown,Team_Unknown,Action_PreSnap,1703.5,406.43,1740.44,488.57,36.940000000000055,82.13999999999999,xml_geometry_csv_action
BootPass_49,183,11,11,Position_Unknown,Team_Unknown,Action_PreSnap,1053.39,490.12,1093.44,577.57,40.049999999999955,87.45000000000005,xml_geometry_csv_action
BootPass_49,183,13,13,Position_Unknown,Team_Unknown,Action_PreSnap,1011.53,248.55,1062.59,316.65,51.059999999999945,68.09999999999997,xml_geometry_csv_action
BootPass_49,183,15,15,Position_Unknown,Team_Unknown,Action_PreSnap,420.22,335.85,457.51,394.88,37.289999999999964,59.02999999999997,xml_geometry_csv_action
BootPass_49,183,16,16,Position_Unknown,Team_Unknown,Action_PreSnap,516.47,382.61,560.14,470.17,43.66999999999996,87.56,xml_geometry_csv_action
BootPass_49,183,17,17,Position_Unknown,Team_Unknown,Action_PreSnap,566.99,408.32,608.11,490.33,41.120000000000005,82.00999999999999,xml_geometry_csv_action
BootPass_49,183,18,18,Position_Unknown,Team_Unknown,Action_PreSnap,378.06,388.25,418.39,461.58,40.329999999999984,73.32999999999998,xml_geometry_csv_action
BootPass_49,183,19,19,Position_Unknown,Team_Unknown,Action_PreSnap,410.11,271.26,448.35,343.33,38.24000000000001,72.07,xml_geometry_csv_action
BootPass_49,183,2,2,Position_Unknown,Team_Unknown,Action_PreSnap,392.45,550.12,435.29,649.09,42.84000000000003,98.97000000000003,xml_geometry_csv_action
BootPass_49,183,20,20,Position_Unknown,Team_Unknown,Action_None,159.99,497.63,207.69,596.96,47.69999999999999,99.33000000000004,xml_geometry_csv_action
BootPass_49,183,21,21,Position_Unknown,Team_Unknown,Action_PreSnap,541.81,269.92,574.45,341.15,32.6400000000001,71.22999999999996,xml_geometry_csv_action
BootPass_49,183,22,22,Position_Unknown,Team_Unknown,Action_PreSnap,415.25,381.55,456.21,464.78,40.95999999999998,83.22999999999996,xml_geometry_csv_action
BootPass_49,183,4,4,Position_Unknown,Team_Unknown,Action_PreSnap,691.28,256.45,737.02,323.86,45.74000000000001,67.41000000000003,xml_geometry_csv_action
BootPass_49,183,5,5,Position_Unknown,Team_Unknown,Action_PreSnap,293.98,483.6,359.82,582.04,65.83999999999997,98.43999999999994,xml_geometry_csv_action
BootPass_49,183,6,6,Position_Unknown,Team_Unknown,Action_PreSnap,952.78,646.33,999.2,737.11,46.42000000000007,90.77999999999997,xml_geometry_csv_action
BootPass_49,183,7,7,Position_Unknown,Team_Unknown,Action_PreSnap,1142.22,712.84,1186.31,816.41,44.08999999999992,103.56999999999994,xml_geometry_csv_action
BootPass_49,183,9,9,Position_Unknown,Team_Unknown,Action_PreSnap,978.98,387.94,1018.08,461.91,39.10000000000002,73.97000000000003,xml_geometry_csv_action
BootPass_49,184,1,1,Position_Unknown,Team_Unknown,Action_PreSnap,1812.49,393.34,1852.72,477.25,40.23000000000002,83.91000000000003,xml_geometry_csv_action
BootPass_49,184,10,10,Position_Unknown,Team_Unknown,Action_PreSnap,1696.74,404.95,1740.26,487.4,43.51999999999998,82.44999999999999,xml_geometry_csv_action
BootPass_49,184,11,11,Position_Unknown,Team_Unknown,Action_PreSnap,1046.68,491.86,1091.83,581.22,45.149999999999864,89.36000000000001,xml_geometry_csv_action
BootPass_49,184,13,13,Position_Unknown,Team_Unknown,Action_PreSnap,1014.01,249.82,1059.11,318.34,45.09999999999991,68.51999999999998,xml_geometry_csv_action
BootPass_49,184,15,15,Position_Unknown,Team_Unknown,Action_PreSnap,413.36,337.5,450.15,397.6,36.789999999999964,60.10000000000002,xml_geometry_csv_action
BootPass_49,184,16,16,Position_Unknown,Team_Unknown,Action_PreSnap,509.5,384.0,555.26,472.88,45.75999999999999,88.88,xml_geometry_csv_action
BootPass_49,184,17,17,Position_Unknown,Team_Unknown,Action_PreSnap,558.01,409.77,601.75,495.79,43.74000000000001,86.02000000000004,xml_geometry_csv_action
BootPass_49,184,18,18,Position_Unknown,Team_Unknown,Action_PreSnap,370.54,388.64,412.51,462.56,41.96999999999997,73.92000000000002,xml_geometry_csv_action
BootPass_49,184,19,19,Position_Unknown,Team_Unknown,Action_PreSnap,401.52,275.23,441.17,347.48,39.650000000000034,72.25,xml_geometry_csv_action
BootPass_49,184,2,2,Position_Unknown,Team_Unknown,Action_PreSnap,385.53,551.88,429.76,651.97,44.23000000000002,100.09000000000003,xml_geometry_csv_action
BootPass_49,184,20,20,Position_Unknown,Team_Unknown,Action_None,150.96,499.18,199.04,598.76,48.079999999999984,99.57999999999998,xml_geometry_csv_action
BootPass_49,184,21,21,Position_Unknown,Team_Unknown,Action_PreSnap,533.0,271.66,567.41,342.89,34.40999999999997,71.22999999999996,xml_geometry_csv_action
BootPass_49,184,22,22,Position_Unknown,Team_Unknown,Action_PreSnap,406.64,382.7,448.92,467.89,42.28000000000003,85.19,xml_geometry_csv_action
BootPass_49,184,4,4,Position_Unknown,Team_Unknown,Action_PreSnap,690.43,257.05,733.64,325.62,43.210000000000036,68.57,xml_geometry_csv_action
BootPass_49,184,5,5,Position_Unknown,Team_Unknown,Action_PreSnap,279.54,485.57,342.84,585.32,63.299999999999955,99.75000000000006,xml_geometry_csv_action
BootPass_49,184,6,6,Position_Unknown,Team_Unknown,Action_PreSnap,943.99,645.88,1000.55,740.43,56.559999999999945,94.54999999999995,xml_geometry_csv_action
BootPass_49,184,7,7,Position_Unknown,Team_Unknown,Action_PreSnap,1135.34,715.91,1183.19,823.94,47.850000000000136,108.03000000000009,xml_geometry_csv_action
BootPass_49,184,9,9,Position_Unknown,Team_Unknown,Action_PreSnap,978.24,387.88,1018.26,463.46,40.01999999999998,75.57999999999998,xml_geometry_csv_action
BootPass_49,185,1,1,Position_Unknown,Team_Unknown,Action_PreSnap,1804.83,389.88,1849.21,472.38,44.38000000000011,82.5,xml_geometry_csv_action
BootPass_49,185,10,10,Position_Unknown,Team_Unknown,Action_PreSnap,1688.57,403.04,1739.47,487.26,50.90000000000009,84.21999999999997,xml_geometry_csv_action
BootPass_49,185,11,11,Position_Unknown,Team_Unknown,Action_PreSnap,1038.77,492.7,1091.15,581.47,52.38000000000011,88.77000000000004,xml_geometry_csv_action
BootPass_49,185,13,13,Position_Unknown,Team_Unknown,Action_PreSnap,1015.4,250.1,1055.88,317.98,40.48000000000013,67.88000000000002,xml_geometry_csv_action
BootPass_49,185,15,15,Position_Unknown,Team_Unknown,Action_PreSnap,406.06,337.63,443.05,399.4,36.99000000000001,61.76999999999998,xml_geometry_csv_action
BootPass_49,185,16,16,Position_Unknown,Team_Unknown,Action_PreSnap,501.17,385.36,548.78,475.61,47.60999999999996,90.25,xml_geometry_csv_action
BootPass_49,185,17,17,Position_Unknown,Team_Unknown,Action_PreSnap,548.73,411.09,594.72,502.66,45.99000000000001,91.57000000000005,xml_geometry_csv_action
BootPass_49,185,18,18,Position_Unknown,Team_Unknown,Action_PreSnap,362.24,387.68,405.34,461.33,43.099999999999966,73.64999999999998,xml_geometry_csv_action
BootPass_49,185,19,19,Position_Unknown,Team_Unknown,Action_PreSnap,394.4,277.08,436.1,349.56,41.700000000000045,72.48000000000002,xml_geometry_csv_action
BootPass_49,185,2,2,Position_Unknown,Team_Unknown,Action_PreSnap,376.69,552.57,423.07,655.42,46.379999999999995,102.84999999999991,xml_geometry_csv_action
BootPass_49,185,20,20,Position_Unknown,Team_Unknown,Action_None,142.66,500.3,190.65,597.91,47.99000000000001,97.60999999999996,xml_geometry_csv_action
BootPass_49,185,21,21,Position_Unknown,Team_Unknown,Action_PreSnap,523.4,272.87,559.38,344.09,35.98000000000002,71.21999999999997,xml_geometry_csv_action
BootPass_49,185,22,22,Position_Unknown,Team_Unknown,Action_PreSnap,397.83,383.45,440.57,468.86,42.74000000000001,85.41000000000003,xml_geometry_csv_action
BootPass_49,185,4,4,Position_Unknown,Team_Unknown,Action_PreSnap,691.46,259.16,729.22,327.0,37.75999999999999,67.83999999999997,xml_geometry_csv_action
BootPass_49,185,5,5,Position_Unknown,Team_Unknown,Action_PreSnap,269.7,491.54,326.26,587.51,56.56,95.96999999999997,xml_geometry_csv_action
BootPass_49,185,6,6,Position_Unknown,Team_Unknown,Action_PreSnap,939.73,645.83,1002.23,747.32,62.5,101.49000000000001,xml_geometry_csv_action
BootPass_49,185,7,7,Position_Unknown,Team_Unknown,Action_PreSnap,1126.52,719.96,1178.47,829.66,51.950000000000045,109.69999999999993,xml_geometry_csv_action
BootPass_49,185,8,8,Position_Unknown,Team_Unknown,Action_PreSnap,258.66,486.28,299.38,581.1,40.71999999999997,94.82000000000005,xml_geometry_csv_action
BootPass_49,185,9,9,Position_Unknown,Team_Unknown,Action_PreSnap,975.99,387.41,1016.8,463.35,40.809999999999945,75.94,xml_geometry_csv_action
BootPass_49,186,1,1,Position_Unknown,Team_Unknown,Action_PreSnap,1798.33,385.72,1845.69,466.91,47.36000000000013,81.19,xml_geometry_csv_action
BootPass_49,186,10,10,Position_Unknown,Team_Unknown,Action_PreSnap,1685.86,400.29,1736.25,482.45,50.3900000000001,82.15999999999997,xml_geometry_csv_action
BootPass_49,186,11,11,Position_Unknown,Team_Unknown,Action_PreSnap,1035.64,493.09,1089.55,579.91,53.909999999999854,86.82,xml_geometry_csv_action
BootPass_49,186,13,13,Position_Unknown,Team_Unknown,Action_PreSnap,1012.79,251.62,1052.41,319.42,39.62000000000012,67.80000000000001,xml_geometry_csv_action
BootPass_49,186,15,15,Position_Unknown,Team_Unknown,Action_PreSnap,396.77,338.01,434.29,402.76,37.52000000000004,64.75,xml_geometry_csv_action
BootPass_49,186,16,16,Position_Unknown,Team_Unknown,Action_PreSnap,492.34,386.03,538.43,475.13,46.089999999999975,89.10000000000002,xml_geometry_csv_action
BootPass_49,186,17,17,Position_Unknown,Team_Unknown,Action_PreSnap,540.03,412.83,586.17,507.21,46.139999999999986,94.38,xml_geometry_csv_action
BootPass_49,186,18,18,Position_Unknown,Team_Unknown,Action_PreSnap,353.58,387.63,395.16,460.15,41.58000000000004,72.51999999999998,xml_geometry_csv_action
BootPass_49,186,19,19,Position_Unknown,Team_Unknown,Action_PreSnap,386.0,279.48,427.43,349.79,41.43000000000001,70.31,xml_geometry_csv_action
BootPass_49,186,2,2,Position_Unknown,Team_Unknown,Action_PreSnap,367.04,553.26,414.73,659.26,47.69,106.0,xml_geometry_csv_action
BootPass_49,186,20,20,Position_Unknown,Team_Unknown,Action_None,133.6,501.75,180.63,597.46,47.03,95.71000000000004,xml_geometry_csv_action
BootPass_49,186,21,21,Position_Unknown,Team_Unknown,Action_PreSnap,514.39,273.67,550.27,344.09,35.879999999999995,70.41999999999996,xml_geometry_csv_action
BootPass_49,186,22,22,Position_Unknown,Team_Unknown,Action_PreSnap,390.85,383.04,430.98,468.8,40.129999999999995,85.75999999999999,xml_geometry_csv_action
BootPass_49,186,4,4,Position_Unknown,Team_Unknown,Action_PreSnap,691.91,261.76,724.71,328.32,32.80000000000007,66.56,xml_geometry_csv_action
BootPass_49,186,5,5,Position_Unknown,Team_Unknown,Action_PreSnap,255.62,494.38,306.41,586.76,50.79000000000002,92.38,xml_geometry_csv_action
BootPass_49,186,6,6,Position_Unknown,Team_Unknown,Action_PreSnap,943.56,646.75,1003.12,749.87,59.56000000000006,103.12,xml_geometry_csv_action
BootPass_49,186,7,7,Position_Unknown,Team_Unknown,Action_PreSnap,1120.14,724.27,1171.86,833.23,51.7199999999998,108.96000000000004,xml_geometry_csv_action
BootPass_49,186,9,9,Position_Unknown,Team_Unknown,Action_PreSnap,974.15,386.84,1015.06,462.59,40.90999999999997,75.75,xml_geometry_csv_action
BootPass_49,187,1,1,Position_Unknown,Team_Unknown,Action_PreSnap,1791.52,383.4,1840.16,463.39,48.6400000000001,79.99000000000001,xml_geometry_csv_action
BootPass_49,187,10,10,Position_Unknown,Team_Unknown,Action_PreSnap,1686.02,398.66,1730.8,478.73,44.77999999999997,80.07,xml_geometry_csv_action
BootPass_49,187,11,11,Position_Unknown,Team_Unknown,Action_PreSnap,1031.81,493.06,1086.98,580.66,55.17000000000007,87.59999999999997,xml_geometry_csv_action
BootPass_49,187,13,13,Position_Unknown,Team_Unknown,Action_PreSnap,1008.87,253.85,1050.67,318.97,41.80000000000007,65.12000000000003,xml_geometry_csv_action
BootPass_49,187,15,15,Position_Unknown,Team_Unknown,Action_PreSnap,387.91,338.82,425.51,406.71,37.599999999999966,67.88999999999999,xml_geometry_csv_action
BootPass_49,187,16,16,Position_Unknown,Team_Unknown,Action_PreSnap,482.81,386.92,527.37,476.26,44.56,89.33999999999997,xml_geometry_csv_action
BootPass_49,187,17,17,Position_Unknown,Team_Unknown,Action_PreSnap,532.08,415.86,577.06,510.53,44.979999999999905,94.66999999999996,xml_geometry_csv_action
BootPass_49,187,19,19,Position_Unknown,Team_Unknown,Action_PreSnap,376.48,282.16,416.76,350.71,40.27999999999997,68.54999999999995,xml_geometry_csv_action
BootPass_49,187,2,2,Position_Unknown,Team_Unknown,Action_PreSnap,357.37,554.83,406.28,663.28,48.90999999999997,108.44999999999993,xml_geometry_csv_action
BootPass_49,187,20,20,Position_Unknown,Team_Unknown,Action_None,122.23,502.77,169.96,599.51,47.730000000000004,96.74000000000001,xml_geometry_csv_action
BootPass_49,187,21,21,Position_Unknown,Team_Unknown,Action_PreSnap,505.13,274.23,538.8,344.0,33.66999999999996,69.76999999999998,xml_geometry_csv_action
BootPass_49,187,4,4,Position_Unknown,Team_Unknown,Action_PreSnap,690.1,263.34,721.76,328.26,31.659999999999968,64.92000000000002,xml_geometry_csv_action
BootPass_49,187,5,5,Position_Unknown,Team_Unknown,Action_PreSnap,240.62,500.22,286.67,588.81,46.05000000000001,88.58999999999992,xml_geometry_csv_action
BootPass_49,187,6,6,Position_Unknown,Team_Unknown,Action_PreSnap,944.31,649.83,1002.42,751.84,58.110000000000014,102.00999999999999,xml_geometry_csv_action
BootPass_49,187,7,7,Position_Unknown,Team_Unknown,Action_PreSnap,1114.2,731.58,1164.48,837.27,50.27999999999997,105.68999999999994,xml_geometry_csv_action
BootPass_49,187,9,9,Position_Unknown,Team_Unknown,Action_PreSnap,970.99,386.17,1015.26,463.43,44.26999999999998,77.25999999999999,xml_geometry_csv_action
BootPass_49,188,1,1,Position_Unknown,Team_Unknown,Action_PreSnap,1786.75,380.73,1835.68,459.47,48.930000000000064,78.74000000000001,xml_geometry_csv_action
BootPass_49,188,10,10,Position_Unknown,Team_Unknown,Action_PreSnap,1685.79,397.82,1727.13,478.68,41.340000000000146,80.86000000000001,xml_geometry_csv_action
BootPass_49,188,11,11,Position_Unknown,Team_Unknown,Action_PreSnap,1030.06,494.35,1083.92,582.06,53.86000000000013,87.70999999999992,xml_geometry_csv_action
BootPass_49,188,13,13,Position_Unknown,Team_Unknown,Action_PreSnap,1003.01,254.73,1048.14,318.41,45.13000000000011,63.680000000000035,xml_geometry_csv_action
BootPass_49,188,15,15,Position_Unknown,Team_Unknown,Action_PreSnap,376.48,339.49,416.05,401.61,39.56999999999999,62.120000000000005,xml_geometry_csv_action
BootPass_49,188,16,16,Position_Unknown,Team_Unknown,Action_PreSnap,474.77,388.24,516.63,476.03,41.860000000000014,87.78999999999996,xml_geometry_csv_action
BootPass_49,188,17,17,Position_Unknown,Team_Unknown,Action_PreSnap,524.52,420.46,567.0,513.35,42.48000000000002,92.89000000000004,xml_geometry_csv_action
BootPass_49,188,19,19,Position_Unknown,Team_Unknown,Action_PreSnap,368.55,285.03,408.05,351.66,39.5,66.63000000000005,xml_geometry_csv_action
BootPass_49,188,2,2,Position_Unknown,Team_Unknown,Action_PreSnap,348.6,557.3,397.22,666.71,48.620000000000005,109.41000000000008,xml_geometry_csv_action
BootPass_49,188,20,20,Position_Unknown,Team_Unknown,Action_None,110.38,504.16,156.42,600.58,46.03999999999999,96.42000000000002,xml_geometry_csv_action
BootPass_49,188,21,21,Position_Unknown,Team_Unknown,Action_PreSnap,495.74,275.31,528.22,344.26,32.48000000000002,68.94999999999999,xml_geometry_csv_action
BootPass_49,188,4,4,Position_Unknown,Team_Unknown,Action_PreSnap,686.25,264.38,719.3,327.28,33.049999999999955,62.89999999999998,xml_geometry_csv_action
BootPass_49,188,5,5,Position_Unknown,Team_Unknown,Action_PreSnap,225.52,505.87,271.53,592.05,46.00999999999996,86.17999999999995,xml_geometry_csv_action
BootPass_49,188,6,6,Position_Unknown,Team_Unknown,Action_PreSnap,946.46,653.47,1001.64,754.74,55.17999999999995,101.26999999999998,xml_geometry_csv_action
BootPass_49,188,7,7,Position_Unknown,Team_Unknown,Action_PreSnap,1112.73,738.64,1159.37,839.46,46.63999999999987,100.82000000000005,xml_geometry_csv_action
BootPass_49,188,9,9,Position_Unknown,Team_Unknown,Action_PreSnap,970.55,385.43,1013.23,463.14,42.680000000000064,77.70999999999998,xml_geometry_csv_action
BootPass_49,189,1,1,Position_Unknown,Team_Unknown,Action_PreSnap,1781.6,377.59,1830.72,458.07,49.12000000000012,80.48000000000002,xml_geometry_csv_action
BootPass_49,189,10,10,Position_Unknown,Team_Unknown,Action_PreSnap,1683.94,395.17,1724.94,480.47,41.0,85.30000000000001,xml_geometry_csv_action
BootPass_49,189,11,11,Position_Unknown,Team_Unknown,Action_PreSnap,1024.49,495.61,1080.49,586.4,56.0,90.78999999999996,xml_geometry_csv_action
BootPass_49,189,13,13,Position_Unknown,Team_Unknown,Action_PreSnap,1000.09,253.55,1046.2,318.62,46.110000000000014,65.07,xml_geometry_csv_action
BootPass_49,189,16,16,Position_Unknown,Team_Unknown,Action_PreSnap,465.63,389.55,507.66,481.04,42.03000000000003,91.49000000000001,xml_geometry_csv_action
BootPass_49,189,17,17,Position_Unknown,Team_Unknown,Action_PreSnap,513.05,424.37,557.12,518.73,44.07000000000005,94.36000000000001,xml_geometry_csv_action
BootPass_49,189,18,18,Position_Unknown,Team_Unknown,Action_PreSnap,326.21,388.58,367.0,464.29,40.79000000000002,75.71000000000004,xml_geometry_csv_action
BootPass_49,189,19,19,Position_Unknown,Team_Unknown,Action_PreSnap,357.39,288.23,397.68,355.6,40.29000000000002,67.37,xml_geometry_csv_action
BootPass_49,189,2,2,Position_Unknown,Team_Unknown,Action_PreSnap,339.93,560.12,390.02,671.77,50.089999999999975,111.64999999999998,xml_geometry_csv_action
BootPass_49,189,20,20,Position_Unknown,Team_Unknown,Action_None,98.44,505.36,144.06,603.42,45.620000000000005,98.05999999999995,xml_geometry_csv_action
BootPass_49,189,21,21,Position_Unknown,Team_Unknown,Action_PreSnap,485.56,276.95,518.86,347.9,33.30000000000001,70.94999999999999,xml_geometry_csv_action
BootPass_49,189,22,22,Position_Unknown,Team_Unknown,Action_PreSnap,360.1,384.52,401.53,473.25,41.42999999999995,88.73000000000002,xml_geometry_csv_action
BootPass_49,189,28,26,Position_Unknown,Team_Unknown,Action_PreSnap,387.06,274.16,417.56,338.0,30.5,63.839999999999975,xml_geometry_csv_action
BootPass_49,189,4,4,Position_Unknown,Team_Unknown,Action_PreSnap,676.37,264.42,717.43,329.42,41.059999999999945,65.0,xml_geometry_csv_action
BootPass_49,189,5,5,Position_Unknown,Team_Unknown,Action_PreSnap,203.96,501.71,253.87,594.15,49.91,92.44,xml_geometry_csv_action
BootPass_49,189,6,6,Position_Unknown,Team_Unknown,Action_PreSnap,947.89,656.33,999.48,761.36,51.59000000000003,105.02999999999997,xml_geometry_csv_action
BootPass_49,189,7,7,Position_Unknown,Team_Unknown,Action_PreSnap,1108.73,743.03,1153.68,844.7,44.950000000000045,101.67000000000007,xml_geometry_csv_action
BootPass_49,189,9,9,Position_Unknown,Team_Unknown,Action_PreSnap,971.42,386.17,1011.03,468.77,39.610000000000014,82.59999999999997,xml_geometry_csv_action
BootPass_49,190,1,1,Position_Unknown,Team_Unknown,Action_PreSnap,1775.31,374.26,1823.43,458.0,48.12000000000012,83.74000000000001,xml_geometry_csv_action
BootPass_49,190,10,10,Position_Unknown,Team_Unknown,Action_PreSnap,1676.33,393.14,1719.35,480.65,43.01999999999998,87.50999999999999,xml_geometry_csv_action
BootPass_49,190,11,11,Position_Unknown,Team_Unknown,Action_PreSnap,1017.98,497.61,1076.04,589.69,58.059999999999945,92.08000000000004,xml_geometry_csv_action
BootPass_49,190,13,13,Position_Unknown,Team_Unknown,Action_PreSnap,993.66,253.33,1041.28,319.05,47.620000000000005,65.72,xml_geometry_csv_action
BootPass_49,190,15,15,Position_Unknown,Team_Unknown,Action_PreSnap,355.03,343.5,395.91,416.02,40.88000000000005,72.51999999999998,xml_geometry_csv_action
BootPass_49,190,16,16,Position_Unknown,Team_Unknown,Action_PreSnap,454.72,390.18,496.99,484.02,42.26999999999998,93.83999999999997,xml_geometry_csv_action
BootPass_49,190,17,17,Position_Unknown,Team_Unknown,Action_PreSnap,501.26,427.77,544.85,521.39,43.59000000000003,93.62,xml_geometry_csv_action
BootPass_49,190,18,18,Position_Unknown,Team_Unknown,Action_PreSnap,314.52,388.9,355.78,465.73,41.25999999999999,76.83000000000004,xml_geometry_csv_action
BootPass_49,190,19,19,Position_Unknown,Team_Unknown,Action_PreSnap,345.88,289.41,385.53,357.0,39.64999999999998,67.58999999999997,xml_geometry_csv_action
BootPass_49,190,2,2,Position_Unknown,Team_Unknown,Action_PreSnap,329.48,563.52,381.54,675.2,52.06,111.68000000000006,xml_geometry_csv_action
BootPass_49,190,20,20,Position_Unknown,Team_Unknown,Action_None,84.81,506.44,130.23,607.24,45.41999999999999,100.80000000000001,xml_geometry_csv_action
BootPass_49,190,21,21,Position_Unknown,Team_Unknown,Action_PreSnap,473.81,277.55,507.73,350.44,33.920000000000016,72.88999999999999,xml_geometry_csv_action
BootPass_49,190,22,22,Position_Unknown,Team_Unknown,Action_PreSnap,348.21,388.51,389.77,474.27,41.56,85.75999999999999,xml_geometry_csv_action
BootPass_49,190,28,26,Position_Unknown,Team_Unknown,Action_PreSnap,376.17,277.37,409.64,348.65,33.46999999999997,71.27999999999997,xml_geometry_csv_action
BootPass_49,190,29,27,Position_Unknown,Team_Unknown,Action_PreSnap,1866.41,419.92,1907.47,506.48,41.059999999999945,86.56,xml_geometry_csv_action
BootPass_49,190,4,4,Position_Unknown,Team_Unknown,Action_PreSnap,667.78,264.35,714.96,329.76,47.180000000000064,65.40999999999997,xml_geometry_csv_action
BootPass_49,190,5,5,Position_Unknown,Team_Unknown,Action_PreSnap,181.49,499.67,236.89,599.27,55.39999999999998,99.59999999999997,xml_geometry_csv_action
BootPass_49,190,6,6,Position_Unknown,Team_Unknown,Action_PreSnap,951.35,657.84,996.87,766.86,45.51999999999998,109.01999999999998,xml_geometry_csv_action
BootPass_49,190,7,7,Position_Unknown,Team_Unknown,Action_PreSnap,1102.18,746.56,1145.66,849.57,43.48000000000002,103.0100000000001,xml_geometry_csv_action
BootPass_49,190,9,9,Position_Unknown,Team_Unknown,Action_PreSnap,968.59,387.2,1006.8,472.9,38.20999999999992,85.69999999999999,xml_geometry_csv_action
BootPass_49,191,1,1,Position_Unknown,Team_Unknown,Action_PreSnap,1765.3,371.56,1815.42,457.73,50.12000000000012,86.17000000000002,xml_geometry_csv_action
BootPass_49,191,10,10,Position_Unknown,Team_Unknown,Action_PreSnap,1670.57,391.78,1710.95,479.58,40.38000000000011,87.80000000000001,xml_geometry_csv_action
BootPass_49,191,11,11,Position_Unknown,Team_Unknown,Action_PreSnap,1017.68,499.49,1070.63,591.49,52.95000000000016,92.0,xml_geometry_csv_action
BootPass_49,191,13,13,Position_Unknown,Team_Unknown,Action_PreSnap,986.74,253.08,1033.57,320.52,46.82999999999993,67.43999999999997,xml_geometry_csv_action
BootPass_49,191,15,15,Position_Unknown,Team_Unknown,Action_PreSnap,341.64,344.83,383.3,423.73,41.660000000000025,78.90000000000003,xml_geometry_csv_action
BootPass_49,191,16,16,Position_Unknown,Team_Unknown,Action_PreSnap,441.26,391.1,484.56,486.84,43.30000000000001,95.73999999999995,xml_geometry_csv_action
BootPass_49,191,17,17,Position_Unknown,Team_Unknown,Action_PreSnap,488.08,432.17,532.96,524.2,44.88000000000005,92.03000000000003,xml_geometry_csv_action
BootPass_49,191,18,18,Position_Unknown,Team_Unknown,Action_PreSnap,301.49,389.7,342.52,467.9,41.02999999999997,78.19999999999999,xml_geometry_csv_action
BootPass_49,191,19,19,Position_Unknown,Team_Unknown,Action_PreSnap,332.42,292.45,374.0,358.5,41.579999999999984,66.05000000000001,xml_geometry_csv_action
BootPass_49,191,2,2,Position_Unknown,Team_Unknown,Action_PreSnap,319.0,567.06,370.23,678.25,51.23000000000002,111.19000000000005,xml_geometry_csv_action
BootPass_49,191,20,20,Position_Unknown,Team_Unknown,Action_None,68.84,508.21,114.77,609.85,45.92999999999999,101.64000000000004,xml_geometry_csv_action
BootPass_49,191,21,21,Position_Unknown,Team_Unknown,Action_PreSnap,459.61,278.86,493.84,353.74,34.22999999999996,74.88,xml_geometry_csv_action
BootPass_49,191,22,22,Position_Unknown,Team_Unknown,Action_PreSnap,334.21,389.92,376.32,476.62,42.110000000000014,86.69999999999999,xml_geometry_csv_action
BootPass_49,191,28,26,Position_Unknown,Team_Unknown,Action_PreSnap,367.5,276.72,401.46,349.15,33.95999999999998,72.42999999999995,xml_geometry_csv_action
BootPass_49,191,29,27,Position_Unknown,Team_Unknown,Action_PreSnap,1858.31,418.33,1900.88,505.47,42.570000000000164,87.14000000000004,xml_geometry_csv_action
BootPass_49,191,4,4,Position_Unknown,Team_Unknown,Action_PreSnap,659.08,265.13,709.27,330.17,50.18999999999994,65.04000000000002,xml_geometry_csv_action
BootPass_49,191,5,5,Position_Unknown,Team_Unknown,Action_PreSnap,164.66,502.11,218.91,603.01,54.25,100.89999999999998,xml_geometry_csv_action
BootPass_49,191,6,6,Position_Unknown,Team_Unknown,Action_PreSnap,951.16,659.3,994.1,769.2,42.940000000000055,109.90000000000009,xml_geometry_csv_action
BootPass_49,191,7,7,Position_Unknown,Team_Unknown,Action_PreSnap,1094.02,748.96,1136.35,856.33,42.32999999999993,107.37,xml_geometry_csv_action
BootPass_49,191,9,9,Position_Unknown,Team_Unknown,Action_PreSnap,963.63,388.83,999.29,475.5,35.65999999999997,86.67000000000002,xml_geometry_csv_action
BootPass_49,192,1,1,Position_Unknown,Team_Unknown,Action_PreSnap,1757.84,369.25,1805.45,456.24,47.61000000000013,86.99000000000001,xml_geometry_csv_action
BootPass_49,192,10,10,Position_Unknown,Team_Unknown,Action_PreSnap,1662.22,390.19,1701.33,478.06,39.1099999999999,87.87,xml_geometry_csv_action
BootPass_49,192,11,11,Position_Unknown,Team_Unknown,Action_PreSnap,1014.42,502.12,1064.16,591.27,49.74000000000012,89.14999999999998,xml_geometry_csv_action
BootPass_49,192,13,13,Position_Unknown,Team_Unknown,Action_PreSnap,986.9,254.22,1025.31,321.56,38.40999999999997,67.34,xml_geometry_csv_action
BootPass_49,192,15,15,Position_Unknown,Team_Unknown,Action_PreSnap,327.1,347.53,369.36,424.25,42.25999999999999,76.72000000000003,xml_geometry_csv_action
BootPass_49,192,16,16,Position_Unknown,Team_Unknown,Action_PreSnap,427.33,393.59,469.48,489.01,42.150000000000034,95.42000000000002,xml_geometry_csv_action
BootPass_49,192,17,17,Position_Unknown,Team_Unknown,Action_PreSnap,475.14,436.9,520.06,526.34,44.91999999999996,89.44000000000005,xml_geometry_csv_action
BootPass_49,192,18,18,Position_Unknown,Team_Unknown,Action_PreSnap,287.6,390.94,328.58,469.1,40.97999999999996,78.16000000000003,xml_geometry_csv_action
BootPass_49,192,19,19,Position_Unknown,Team_Unknown,Action_PreSnap,318.0,294.56,361.9,361.88,43.89999999999998,67.32,xml_geometry_csv_action
BootPass_49,192,2,2,Position_Unknown,Team_Unknown,Action_PreSnap,307.86,571.63,356.26,681.16,48.39999999999998,109.52999999999997,xml_geometry_csv_action
BootPass_49,192,20,20,Position_Unknown,Team_Unknown,Action_None,53.53,511.5,97.95,611.73,44.42,100.23000000000002,xml_geometry_csv_action
BootPass_49,192,21,21,Position_Unknown,Team_Unknown,Action_PreSnap,445.68,280.4,479.61,355.21,33.93000000000001,74.81,xml_geometry_csv_action
BootPass_49,192,22,22,Position_Unknown,Team_Unknown,Action_PreSnap,319.08,392.33,361.05,478.74,41.97000000000003,86.41000000000003,xml_geometry_csv_action
BootPass_49,192,28,26,Position_Unknown,Team_Unknown,Action_PreSnap,356.99,281.66,390.87,352.02,33.879999999999995,70.35999999999996,xml_geometry_csv_action
BootPass_49,192,29,27,Position_Unknown,Team_Unknown,Action_PreSnap,1846.94,415.04,1889.31,504.69,42.36999999999989,89.64999999999998,xml_geometry_csv_action
BootPass_49,192,4,4,Position_Unknown,Team_Unknown,Action_PreSnap,652.09,266.72,699.96,329.65,47.870000000000005,62.92999999999995,xml_geometry_csv_action
BootPass_49,192,5,5,Position_Unknown,Team_Unknown,Action_PreSnap,146.87,507.01,199.08,607.82,52.21000000000001,100.81000000000006,xml_geometry_csv_action
BootPass_49,192,6,6,Position_Unknown,Team_Unknown,Action_PreSnap,947.9,658.78,989.4,760.53,41.5,101.75,xml_geometry_csv_action
BootPass_49,192,7,7,Position_Unknown,Team_Unknown,Action_PreSnap,1083.66,753.6,1126.39,864.92,42.73000000000002,111.31999999999994,xml_geometry_csv_action
BootPass_49,192,9,9,Position_Unknown,Team_Unknown,Action_PreSnap,954.76,392.0,993.33,475.1,38.57000000000005,83.10000000000002,xml_geometry_csv_action
BootPass_49,193,1,1,Position_Unknown,Team_Unknown,Action_PreSnap,1753.86,368.55,1794.63,448.82,40.77000000000021,80.26999999999998,xml_geometry_csv_action
BootPass_49,193,10,10,Position_Unknown,Team_Unknown,Action_PreSnap,1656.21,389.61,1691.23,469.91,35.01999999999998,80.30000000000001,xml_geometry_csv_action
BootPass_49,193,11,11,Position_Unknown,Team_Unknown,Action_PreSnap,1009.82,504.38,1057.45,593.24,47.629999999999995,88.86000000000001,xml_geometry_csv_action
BootPass_49,193,13,13,Position_Unknown,Team_Unknown,Action_PreSnap,983.64,255.94,1018.25,320.47,34.610000000000014,64.53000000000003,xml_geometry_csv_action
BootPass_49,193,15,15,Position_Unknown,Team_Unknown,Action_PreSnap,312.94,349.84,354.48,429.09,41.54000000000002,79.25,xml_geometry_csv_action
BootPass_49,193,16,16,Position_Unknown,Team_Unknown,Action_PreSnap,414.42,396.98,454.48,493.33,40.06,96.34999999999997,xml_geometry_csv_action
BootPass_49,193,17,17,Position_Unknown,Team_Unknown,Action_PreSnap,463.64,441.08,507.44,529.15,43.80000000000001,88.07,xml_geometry_csv_action
BootPass_49,193,18,18,Position_Unknown,Team_Unknown,Action_PreSnap,272.72,392.59,314.11,470.19,41.389999999999986,77.60000000000002,xml_geometry_csv_action
BootPass_49,193,19,19,Position_Unknown,Team_Unknown,Action_PreSnap,302.67,298.11,347.66,364.04,44.99000000000001,65.93,xml_geometry_csv_action
BootPass_49,193,2,2,Position_Unknown,Team_Unknown,Action_PreSnap,296.7,575.93,342.09,682.13,45.389999999999986,106.20000000000005,xml_geometry_csv_action
BootPass_49,193,20,20,Position_Unknown,Team_Unknown,Action_None,37.29,514.48,79.72,615.14,42.43,100.65999999999997,xml_geometry_csv_action
BootPass_49,193,21,21,Position_Unknown,Team_Unknown,Action_PreSnap,431.12,283.55,465.24,358.64,34.120000000000005,75.08999999999997,xml_geometry_csv_action
BootPass_49,193,22,22,Position_Unknown,Team_Unknown,Action_PreSnap,303.02,396.53,345.64,481.75,42.620000000000005,85.22000000000003,xml_geometry_csv_action
BootPass_49,193,28,26,Position_Unknown,Team_Unknown,Action_PreSnap,346.83,281.91,379.06,354.37,32.23000000000002,72.45999999999998,xml_geometry_csv_action
BootPass_49,193,29,27,Position_Unknown,Team_Unknown,Action_PreSnap,1834.57,411.29,1874.7,503.4,40.13000000000011,92.10999999999996,xml_geometry_csv_action
BootPass_49,193,4,4,Position_Unknown,Team_Unknown,Action_PreSnap,651.65,268.37,688.95,328.02,37.30000000000007,59.64999999999998,xml_geometry_csv_action
BootPass_49,193,5,5,Position_Unknown,Team_Unknown,Action_PreSnap,128.47,512.38,178.41,612.0,49.94,99.62,xml_geometry_csv_action
BootPass_49,193,6,6,Position_Unknown,Team_Unknown,Action_PreSnap,941.57,658.81,983.69,761.13,42.120000000000005,102.32000000000005,xml_geometry_csv_action
BootPass_49,193,7,7,Position_Unknown,Team_Unknown,Action_PreSnap,1073.87,758.63,1116.41,868.64,42.54000000000019,110.00999999999999,xml_geometry_csv_action
BootPass_49,193,9,9,Position_Unknown,Team_Unknown,Action_PreSnap,950.06,395.62,987.47,472.85,37.41000000000008,77.23000000000002,xml_geometry_csv_action
BootPass_49,194,1,1,Position_Unknown,Team_Unknown,Action_PreSnap,1746.25,366.81,1783.61,446.61,37.3599999999999,79.80000000000001,xml_geometry_csv_action
BootPass_49,194,10,10,Position_Unknown,Team_Unknown,Action_PreSnap,1649.03,388.45,1683.64,464.11,34.61000000000013,75.66000000000003,xml_geometry_csv_action
BootPass_49,194,11,11,Position_Unknown,Team_Unknown,Action_PreSnap,1000.94,508.24,1049.52,596.42,48.57999999999993,88.17999999999995,xml_geometry_csv_action
BootPass_49,194,13,13,Position_Unknown,Team_Unknown,Action_PreSnap,974.87,259.34,1010.07,323.29,35.200000000000045,63.950000000000045,xml_geometry_csv_action
BootPass_49,194,15,15,Position_Unknown,Team_Unknown,Action_PreSnap,298.51,355.18,340.1,434.19,41.59000000000003,79.00999999999999,xml_geometry_csv_action
BootPass_49,194,16,16,Position_Unknown,Team_Unknown,Action_PreSnap,400.72,400.59,439.86,497.48,39.139999999999986,96.89000000000004,xml_geometry_csv_action
BootPass_49,194,17,17,Position_Unknown,Team_Unknown,Action_PreSnap,449.94,445.35,495.41,533.86,45.47000000000003,88.50999999999999,xml_geometry_csv_action
BootPass_49,194,18,18,Position_Unknown,Team_Unknown,Action_PreSnap,258.48,394.76,298.32,471.5,39.839999999999975,76.74000000000001,xml_geometry_csv_action
BootPass_49,194,19,19,Position_Unknown,Team_Unknown,Action_PreSnap,288.67,302.2,333.29,370.16,44.620000000000005,67.96000000000004,xml_geometry_csv_action
BootPass_49,194,2,2,Position_Unknown,Team_Unknown,Action_PreSnap,287.18,580.3,328.18,685.64,41.0,105.34000000000003,xml_geometry_csv_action
BootPass_49,194,20,20,Position_Unknown,Team_Unknown,Action_None,20.53,517.9,61.81,620.32,41.28,102.42000000000007,xml_geometry_csv_action
BootPass_49,194,21,21,Position_Unknown,Team_Unknown,Action_PreSnap,415.19,287.15,450.22,362.12,35.03000000000003,74.97000000000003,xml_geometry_csv_action
BootPass_49,194,22,22,Position_Unknown,Team_Unknown,Action_PreSnap,287.44,398.47,330.09,485.51,42.64999999999998,87.03999999999996,xml_geometry_csv_action
BootPass_49,194,28,26,Position_Unknown,Team_Unknown,Action_PreSnap,334.95,284.49,365.69,356.83,30.74000000000001,72.33999999999997,xml_geometry_csv_action
BootPass_49,194,29,27,Position_Unknown,Team_Unknown,Action_PreSnap,1821.57,408.97,1862.21,500.07,40.6400000000001,91.09999999999997,xml_geometry_csv_action
BootPass_49,194,4,4,Position_Unknown,Team_Unknown,Action_PreSnap,647.13,275.68,678.67,331.42,31.539999999999964,55.74000000000001,xml_geometry_csv_action
BootPass_49,194,5,5,Position_Unknown,Team_Unknown,Action_PreSnap,107.49,516.52,157.34,619.32,49.85000000000001,102.80000000000007,xml_geometry_csv_action
BootPass_49,194,6,6,Position_Unknown,Team_Unknown,Action_PreSnap,938.88,661.31,979.19,754.98,40.31000000000006,93.67000000000007,xml_geometry_csv_action
BootPass_49,194,7,7,Position_Unknown,Team_Unknown,Action_PreSnap,1063.43,766.11,1107.51,877.92,44.07999999999993,111.80999999999995,xml_geometry_csv_action
BootPass_49,194,9,9,Position_Unknown,Team_Unknown,Action_PreSnap,944.11,398.12,980.83,474.26,36.72000000000003,76.13999999999999,xml_geometry_csv_action
BootPass_49,195,1,1,Position_Unknown,Team_Unknown,Action_PreSnap,1735.45,365.02,1771.2,446.13,35.75,81.11000000000001,xml_geometry_csv_action
BootPass_49,195,11,11,Position_Unknown,Team_Unknown,Action_PreSnap,989.65,510.48,1040.9,597.13,51.250000000000114,86.64999999999998,xml_geometry_csv_action
BootPass_49,195,13,13,Position_Unknown,Team_Unknown,Action_PreSnap,963.87,261.78,1000.06,323.22,36.18999999999994,61.440000000000055,xml_geometry_csv_action
BootPass_49,195,15,15,Position_Unknown,Team_Unknown,Action_PreSnap,283.76,360.06,322.77,438.42,39.00999999999999,78.36000000000001,xml_geometry_csv_action
BootPass_49,195,16,16,Position_Unknown,Team_Unknown,Action_PreSnap,384.46,405.15,421.81,498.96,37.35000000000002,93.81,xml_geometry_csv_action
BootPass_49,195,17,17,Position_Unknown,Team_Unknown,Action_PreSnap,436.53,449.27,481.31,539.1,44.78000000000003,89.83000000000004,xml_geometry_csv_action
BootPass_49,195,19,19,Position_Unknown,Team_Unknown,Action_PreSnap,275.64,305.66,317.05,373.19,41.410000000000025,67.52999999999997,xml_geometry_csv_action
BootPass_49,195,2,2,Position_Unknown,Team_Unknown,Action_PreSnap,274.96,583.97,313.39,689.2,38.43000000000001,105.23000000000002,xml_geometry_csv_action
BootPass_49,195,20,20,Position_Unknown,Team_Unknown,Action_None,1.45,521.84,42.54,623.53,41.089999999999996,101.68999999999994,xml_geometry_csv_action
BootPass_49,195,21,21,Position_Unknown,Team_Unknown,Action_PreSnap,398.85,289.62,433.74,363.78,34.889999999999986,74.15999999999997,xml_geometry_csv_action
BootPass_49,195,28,26,Position_Unknown,Team_Unknown,Action_PreSnap,321.07,287.33,351.84,358.61,30.769999999999982,71.28000000000003,xml_geometry_csv_action
BootPass_49,195,4,4,Position_Unknown,Team_Unknown,Action_PreSnap,638.37,277.42,667.52,336.85,29.149999999999977,59.43000000000001,xml_geometry_csv_action
BootPass_49,195,5,5,Position_Unknown,Team_Unknown,Action_PreSnap,87.97,520.82,137.39,628.16,49.41999999999999,107.33999999999992,xml_geometry_csv_action
BootPass_49,195,6,6,Position_Unknown,Team_Unknown,Action_PreSnap,927.88,665.38,973.13,764.39,45.25,99.00999999999999,xml_geometry_csv_action
BootPass_49,195,7,7,Position_Unknown,Team_Unknown,Action_PreSnap,1052.91,773.04,1095.4,882.96,42.49000000000001,109.92000000000007,xml_geometry_csv_action
BootPass_49,195,9,9,Position_Unknown,Team_Unknown,Action_PreSnap,936.53,401.23,972.99,474.85,36.460000000000036,73.62,xml_geometry_csv_action
BootPass_49,196,1,1,Position_Unknown,Team_Unknown,Action_PreSnap,1722.65,361.98,1759.07,442.4,36.419999999999845,80.41999999999996,xml_geometry_csv_action
BootPass_49,196,11,11,Position_Unknown,Team_Unknown,Action_PreSnap,985.11,510.15,1033.32,595.71,48.20999999999992,85.56000000000006,xml_geometry_csv_action
BootPass_49,196,13,13,Position_Unknown,Team_Unknown,Action_PreSnap,951.86,262.7,991.0,325.29,39.139999999999986,62.59000000000003,xml_geometry_csv_action
BootPass_49,196,15,15,Position_Unknown,Team_Unknown,Action_PreSnap,267.11,361.52,304.26,443.94,37.14999999999998,82.42000000000002,xml_geometry_csv_action
BootPass_49,196,16,16,Position_Unknown,Team_Unknown,Action_PreSnap,369.36,409.48,404.99,500.42,35.629999999999995,90.94,xml_geometry_csv_action
BootPass_49,196,17,17,Position_Unknown,Team_Unknown,Action_PreSnap,423.28,453.53,466.06,542.21,42.78000000000003,88.68000000000006,xml_geometry_csv_action
BootPass_49,196,19,19,Position_Unknown,Team_Unknown,Action_PreSnap,262.86,308.11,301.42,371.14,38.56,63.02999999999997,xml_geometry_csv_action
BootPass_49,196,2,2,Position_Unknown,Team_Unknown,Action_PreSnap,259.74,587.2,296.6,693.23,36.860000000000014,106.02999999999997,xml_geometry_csv_action
BootPass_49,196,20,20,Position_Unknown,Team_Unknown,Action_None,0.0,525.24,23.17,628.63,23.17,103.38999999999999,xml_geometry_csv_action
BootPass_49,196,21,21,Position_Unknown,Team_Unknown,Action_PreSnap,380.8,292.6,416.52,365.61,35.71999999999997,73.00999999999999,xml_geometry_csv_action
BootPass_49,196,28,26,Position_Unknown,Team_Unknown,Action_PreSnap,306.62,288.8,337.45,360.47,30.829999999999984,71.67000000000002,xml_geometry_csv_action
BootPass_49,196,4,4,Position_Unknown,Team_Unknown,Action_PreSnap,630.0,277.34,659.87,342.35,29.870000000000005,65.01000000000005,xml_geometry_csv_action
BootPass_49,196,5,5,Position_Unknown,Team_Unknown,Action_PreSnap,67.08,524.08,115.94,633.77,48.86,109.68999999999994,xml_geometry_csv_action
BootPass_49,196,6,6,Position_Unknown,Team_Unknown,Action_PreSnap,923.9,669.33,968.81,766.45,44.90999999999997,97.12,xml_geometry_csv_action
BootPass_49,196,7,7,Position_Unknown,Team_Unknown,Action_PreSnap,1040.38,778.95,1081.71,887.41,41.32999999999993,108.45999999999992,xml_geometry_csv_action
BootPass_49,196,9,9,Position_Unknown,Team_Unknown,Action_PreSnap,929.01,397.87,964.1,474.03,35.09000000000003,76.15999999999997,xml_geometry_csv_action
BootPass_49,197,13,13,Position_Unknown,Team_Unknown,Action_PreSnap,941.04,263.1,981.45,325.1,40.41000000000008,62.0,xml_geometry_csv_action
BootPass_49,197,16,16,Position_Unknown,Team_Unknown,Action_PreSnap,352.78,413.18,387.5,503.34,34.72000000000003,90.15999999999997,xml_geometry_csv_action
BootPass_49,197,17,17,Position_Unknown,Team_Unknown,Action_PreSnap,409.38,457.5,450.2,545.58,40.81999999999999,88.08000000000004,xml_geometry_csv_action
BootPass_49,197,19,19,Position_Unknown,Team_Unknown,Action_PreSnap,244.3,310.37,283.56,377.35,39.25999999999999,66.98000000000002,xml_geometry_csv_action
BootPass_49,197,2,2,Position_Unknown,Team_Unknown,Action_PreSnap,244.14,590.65,279.71,696.45,35.56999999999999,105.80000000000007,xml_geometry_csv_action
BootPass_49,197,21,21,Position_Unknown,Team_Unknown,Action_PreSnap,363.06,295.97,398.46,368.62,35.39999999999998,72.64999999999998,xml_geometry_csv_action
BootPass_49,197,28,26,Position_Unknown,Team_Unknown,Action_PreSnap,290.66,291.72,322.16,362.8,31.5,71.07999999999998,xml_geometry_csv_action
BootPass_49,197,4,4,Position_Unknown,Team_Unknown,Action_PreSnap,618.17,280.37,647.46,344.32,29.290000000000077,63.94999999999999,xml_geometry_csv_action
BootPass_49,197,5,5,Position_Unknown,Team_Unknown,Action_PreSnap,46.4,527.45,95.2,632.11,48.800000000000004,104.65999999999997,xml_geometry_csv_action
BootPass_49,197,6,6,Position_Unknown,Team_Unknown,Action_PreSnap,919.13,672.48,962.19,769.16,43.06000000000006,96.67999999999995,xml_geometry_csv_action
BootPass_49,197,7,7,Position_Unknown,Team_Unknown,Action_PreSnap,1028.8,788.26,1067.76,891.44,38.960000000000036,103.18000000000006,xml_geometry_csv_action
BootPass_49,197,9,9,Position_Unknown,Team_Unknown,Action_PreSnap,918.02,397.91,953.8,474.05,35.77999999999997,76.13999999999999,xml_geometry_csv_action
BootPass_49,198,13,13,Position_Unknown,Team_Unknown,Action_PreSnap,928.97,264.67,971.51,327.38,42.539999999999964,62.70999999999998,xml_geometry_csv_action
BootPass_49,198,15,15,Position_Unknown,Team_Unknown,Action_PreSnap,230.92,367.61,268.09,453.95,37.16999999999999,86.33999999999997,xml_geometry_csv_action
BootPass_49,198,16,16,Position_Unknown,Team_Unknown,Action_PreSnap,334.95,418.15,370.59,508.35,35.639999999999986,90.20000000000005,xml_geometry_csv_action
BootPass_49,198,17,17,Position_Unknown,Team_Unknown,Action_PreSnap,393.69,463.1,435.81,553.72,42.120000000000005,90.62,xml_geometry_csv_action
BootPass_49,198,19,19,Position_Unknown,Team_Unknown,Action_PreSnap,224.71,314.01,267.62,381.87,42.91,67.86000000000001,xml_geometry_csv_action
BootPass_49,198,2,2,Position_Unknown,Team_Unknown,Action_PreSnap,226.91,595.66,262.97,703.25,36.06000000000003,107.59000000000003,xml_geometry_csv_action
BootPass_49,198,21,21,Position_Unknown,Team_Unknown,Action_PreSnap,343.84,301.1,379.87,374.33,36.03000000000003,73.22999999999996,xml_geometry_csv_action
BootPass_49,198,28,26,Position_Unknown,Team_Unknown,Action_PreSnap,273.97,295.58,308.98,367.12,35.00999999999999,71.54000000000002,xml_geometry_csv_action
BootPass_49,198,4,4,Position_Unknown,Team_Unknown,Action_PreSnap,604.93,283.57,637.82,347.35,32.8900000000001,63.78000000000003,xml_geometry_csv_action
BootPass_49,198,5,5,Position_Unknown,Team_Unknown,Action_PreSnap,25.18,531.19,75.83,621.46,50.65,90.26999999999998,xml_geometry_csv_action
BootPass_49,198,6,6,Position_Unknown,Team_Unknown,Action_PreSnap,912.28,677.36,955.67,775.97,43.389999999999986,98.61000000000001,xml_geometry_csv_action
BootPass_49,198,7,7,Position_Unknown,Team_Unknown,Action_PreSnap,1015.76,794.52,1053.61,896.86,37.84999999999991,102.34000000000003,xml_geometry_csv_action
BootPass_49,198,9,9,Position_Unknown,Team_Unknown,Action_PreSnap,909.27,401.27,943.73,476.56,34.460000000000036,75.29000000000002,xml_geometry_csv_action
BootPass_49,199,11,11,Position_Unknown,Team_Unknown,Action_PreSnap,965.72,518.89,1004.26,609.5,38.539999999999964,90.61000000000001,xml_geometry_csv_action
BootPass_49,199,13,13,Position_Unknown,Team_Unknown,Action_PreSnap,921.05,269.38,959.49,330.8,38.440000000000055,61.420000000000016,xml_geometry_csv_action
BootPass_49,199,16,16,Position_Unknown,Team_Unknown,Action_PreSnap,316.8,423.57,351.43,513.45,34.629999999999995,89.88000000000005,xml_geometry_csv_action
BootPass_49,199,17,17,Position_Unknown,Team_Unknown,Action_PreSnap,377.12,471.18,419.57,561.13,42.44999999999999,89.94999999999999,xml_geometry_csv_action
BootPass_49,199,18,18,Position_Unknown,Team_Unknown,Action_PreSnap,166.36,409.58,206.09,482.67,39.72999999999999,73.09000000000003,xml_geometry_csv_action
BootPass_49,199,19,19,Position_Unknown,Team_Unknown,Action_PreSnap,209.07,319.54,249.98,385.33,40.91,65.78999999999996,xml_geometry_csv_action
BootPass_49,199,2,2,Position_Unknown,Team_Unknown,Action_PreSnap,206.81,602.35,244.91,712.3,38.099999999999994,109.94999999999993,xml_geometry_csv_action
BootPass_49,199,21,21,Position_Unknown,Team_Unknown,Action_PreSnap,322.97,307.02,359.37,381.12,36.39999999999998,74.10000000000002,xml_geometry_csv_action
BootPass_49,199,28,26,Position_Unknown,Team_Unknown,Action_PreSnap,257.41,299.96,294.04,374.52,36.629999999999995,74.56,xml_geometry_csv_action
BootPass_49,199,29,27,Position_Unknown,Team_Unknown,Action_PreSnap,1742.24,398.12,1781.53,487.22,39.289999999999964,89.10000000000002,xml_geometry_csv_action
BootPass_49,199,4,4,Position_Unknown,Team_Unknown,Action_PreSnap,590.85,287.09,625.39,349.31,34.539999999999964,62.22000000000003,xml_geometry_csv_action
BootPass_49,199,5,5,Position_Unknown,Team_Unknown,Action_PreSnap,4.11,536.56,54.97,622.51,50.86,85.95000000000005,xml_geometry_csv_action
BootPass_49,199,6,6,Position_Unknown,Team_Unknown,Action_PreSnap,903.73,685.11,943.73,783.63,40.0,98.51999999999998,xml_geometry_csv_action
BootPass_49,199,7,7,Position_Unknown,Team_Unknown,Action_PreSnap,1002.26,801.52,1040.21,902.99,37.950000000000045,101.47000000000003,xml_geometry_csv_action
BootPass_49,199,9,9,Position_Unknown,Team_Unknown,Action_PreSnap,900.63,406.47,932.43,481.96,31.799999999999955,75.48999999999995,xml_geometry_csv_action
BootPass_49,200,1,1,Position_Unknown,Team_Unknown,Action_PreSnap,1668.23,362.53,1706.56,438.64,38.32999999999993,76.11000000000001,xml_geometry_csv_action
BootPass_49,200,13,13,Position_Unknown,Team_Unknown,Action_PreSnap,910.76,273.63,946.65,337.48,35.889999999999986,63.85000000000002,xml_geometry_csv_action
BootPass_49,200,16,16,Position_Unknown,Team_Unknown,Action_PreSnap,296.95,429.48,331.91,520.27,34.960000000000036,90.78999999999996,xml_geometry_csv_action
BootPass_49,200,17,17,Position_Unknown,Team_Unknown,Action_PreSnap,357.84,479.15,401.5,568.92,43.660000000000025,89.76999999999998,xml_geometry_csv_action
BootPass_49,200,19,19,Position_Unknown,Team_Unknown,Action_PreSnap,190.62,325.23,230.64,388.73,40.01999999999998,63.5,xml_geometry_csv_action
BootPass_49,200,2,2,Position_Unknown,Team_Unknown,Action_PreSnap,186.55,610.23,226.66,721.88,40.109999999999985,111.64999999999998,xml_geometry_csv_action
BootPass_49,200,21,21,Position_Unknown,Team_Unknown,Action_PreSnap,300.58,312.8,338.42,387.47,37.84000000000003,74.67000000000002,xml_geometry_csv_action
BootPass_49,200,28,26,Position_Unknown,Team_Unknown,Action_PreSnap,238.05,306.08,276.15,381.34,38.099999999999966,75.25999999999999,xml_geometry_csv_action
BootPass_49,200,4,4,Position_Unknown,Team_Unknown,Action_PreSnap,578.14,291.45,614.64,352.96,36.5,61.50999999999999,xml_geometry_csv_action
BootPass_49,200,5,5,Position_Unknown,Team_Unknown,Action_PreSnap,0.0,542.32,31.63,644.59,31.63,102.26999999999998,xml_geometry_csv_action
BootPass_49,200,6,6,Position_Unknown,Team_Unknown,Action_PreSnap,893.97,690.28,931.26,784.01,37.289999999999964,93.73000000000002,xml_geometry_csv_action
BootPass_49,200,7,7,Position_Unknown,Team_Unknown,Action_PreSnap,987.5,809.23,1025.17,910.44,37.67000000000007,101.21000000000004,xml_geometry_csv_action
BootPass_49,200,9,9,Position_Unknown,Team_Unknown,Action_PreSnap,888.34,411.35,919.61,487.53,31.269999999999982,76.17999999999995,xml_geometry_csv_action
BootPass_49,201,1,1,Position_Unknown,Team_Unknown,Action_PreSnap,1648.9,363.86,1694.1,443.73,45.19999999999982,79.87,xml_geometry_csv_action
BootPass_49,201,11,11,Position_Unknown,Team_Unknown,Action_PreSnap,941.53,528.26,982.96,618.3,41.430000000000064,90.03999999999996,xml_geometry_csv_action
BootPass_49,201,13,13,Position_Unknown,Team_Unknown,Action_PreSnap,901.52,279.38,932.24,343.97,30.720000000000027,64.59000000000003,xml_geometry_csv_action
BootPass_49,201,15,15,Position_Unknown,Team_Unknown,Action_PreSnap,169.38,386.25,208.07,474.31,38.69,88.06,xml_geometry_csv_action
BootPass_49,201,16,16,Position_Unknown,Team_Unknown,Action_PreSnap,277.24,434.74,312.41,527.67,35.170000000000016,92.92999999999995,xml_geometry_csv_action
BootPass_49,201,17,17,Position_Unknown,Team_Unknown,Action_PreSnap,342.64,485.41,384.42,575.06,41.78000000000003,89.64999999999992,xml_geometry_csv_action
BootPass_49,201,18,18,Position_Unknown,Team_Unknown,Action_PreSnap,124.73,420.61,166.12,491.43,41.39,70.82,xml_geometry_csv_action
BootPass_49,201,19,19,Position_Unknown,Team_Unknown,Action_PreSnap,171.95,330.62,211.67,394.64,39.72,64.01999999999998,xml_geometry_csv_action
BootPass_49,201,2,2,Position_Unknown,Team_Unknown,Action_PreSnap,167.28,618.82,206.51,728.98,39.22999999999999,110.15999999999997,xml_geometry_csv_action
BootPass_49,201,21,21,Position_Unknown,Team_Unknown,Action_PreSnap,279.24,318.53,316.64,392.73,37.39999999999998,74.20000000000005,xml_geometry_csv_action
BootPass_49,201,28,26,Position_Unknown,Team_Unknown,Action_PreSnap,219.87,312.08,258.72,386.75,38.85000000000002,74.67000000000002,xml_geometry_csv_action
BootPass_49,201,29,27,Position_Unknown,Team_Unknown,Action_PreSnap,1703.76,396.03,1746.16,486.64,42.40000000000009,90.61000000000001,xml_geometry_csv_action
BootPass_49,201,4,4,Position_Unknown,Team_Unknown,Action_PreSnap,564.2,297.23,602.04,358.76,37.83999999999992,61.52999999999997,xml_geometry_csv_action
BootPass_49,201,6,6,Position_Unknown,Team_Unknown,Action_PreSnap,882.29,695.32,922.3,795.86,40.00999999999999,100.53999999999996,xml_geometry_csv_action
BootPass_49,201,7,7,Position_Unknown,Team_Unknown,Action_PreSnap,970.67,814.17,1009.07,917.27,38.40000000000009,103.10000000000002,xml_geometry_csv_action
BootPass_49,201,9,9,Position_Unknown,Team_Unknown,Action_PreSnap,875.95,415.18,907.39,488.7,31.43999999999994,73.51999999999998,xml_geometry_csv_action
BootPass_49,202,1,1,Position_Unknown,Team_Unknown,Action_PreSnap,1632.33,365.33,1678.64,443.39,46.31000000000017,78.06,xml_geometry_csv_action
BootPass_49,202,11,11,Position_Unknown,Team_Unknown,Action_PreSnap,930.41,534.18,968.98,620.99,38.57000000000005,86.81000000000006,xml_geometry_csv_action
BootPass_49,202,13,13,Position_Unknown,Team_Unknown,Action_PreSnap,888.1,284.4,918.86,348.09,30.75999999999999,63.69,xml_geometry_csv_action
BootPass_49,202,16,16,Position_Unknown,Team_Unknown,Action_PreSnap,257.19,440.49,291.68,535.35,34.49000000000001,94.86000000000001,xml_geometry_csv_action
BootPass_49,202,17,17,Position_Unknown,Team_Unknown,Action_PreSnap,325.46,495.13,362.78,582.13,37.31999999999999,87.0,xml_geometry_csv_action
BootPass_49,202,19,19,Position_Unknown,Team_Unknown,Action_PreSnap,152.56,335.95,192.66,399.3,40.099999999999994,63.35000000000002,xml_geometry_csv_action
BootPass_49,202,2,2,Position_Unknown,Team_Unknown,Action_PreSnap,148.63,627.76,186.32,735.08,37.69,107.32000000000005,xml_geometry_csv_action
BootPass_49,202,21,21,Position_Unknown,Team_Unknown,Action_PreSnap,257.98,324.15,294.56,398.77,36.579999999999984,74.62,xml_geometry_csv_action
BootPass_49,202,28,26,Position_Unknown,Team_Unknown,Action_PreSnap,203.42,317.03,240.71,388.69,37.29000000000002,71.66000000000003,xml_geometry_csv_action
BootPass_49,202,29,27,Position_Unknown,Team_Unknown,Action_PreSnap,1690.83,397.28,1727.61,479.09,36.77999999999997,81.81,xml_geometry_csv_action
BootPass_49,202,4,4,Position_Unknown,Team_Unknown,Action_PreSnap,553.23,304.93,587.75,361.05,34.51999999999998,56.120000000000005,xml_geometry_csv_action
BootPass_49,202,6,6,Position_Unknown,Team_Unknown,Action_PreSnap,872.21,701.52,908.43,799.78,36.219999999999914,98.25999999999999,xml_geometry_csv_action
BootPass_49,202,7,7,Position_Unknown,Team_Unknown,Action_PreSnap,955.91,822.0,991.12,922.64,35.210000000000036,100.63999999999999,xml_geometry_csv_action
BootPass_49,202,9,9,Position_Unknown,Team_Unknown,Action_PreSnap,864.14,418.99,893.38,490.42,29.24000000000001,71.43,xml_geometry_csv_action
BootPass_49,203,1,1,Position_Unknown,Team_Unknown,Action_PreSnap,1621.1,366.96,1661.68,439.77,40.580000000000155,72.81,xml_geometry_csv_action
BootPass_49,203,11,11,Position_Unknown,Team_Unknown,Action_PreSnap,918.15,538.6,956.45,622.67,38.30000000000007,84.06999999999994,xml_geometry_csv_action
BootPass_49,203,13,13,Position_Unknown,Team_Unknown,Action_PreSnap,874.68,289.42,905.27,349.62,30.590000000000032,60.19999999999999,xml_geometry_csv_action
BootPass_49,203,16,16,Position_Unknown,Team_Unknown,Action_PreSnap,236.68,446.53,271.98,542.96,35.30000000000001,96.43000000000006,xml_geometry_csv_action
BootPass_49,203,17,17,Position_Unknown,Team_Unknown,Action_PreSnap,308.65,501.53,347.26,587.67,38.610000000000014,86.13999999999999,xml_geometry_csv_action
BootPass_49,203,19,19,Position_Unknown,Team_Unknown,Action_PreSnap,131.82,341.57,174.57,404.26,42.75,62.69,xml_geometry_csv_action
BootPass_49,203,2,2,Position_Unknown,Team_Unknown,Action_PreSnap,129.16,636.43,165.92,743.37,36.75999999999999,106.94000000000005,xml_geometry_csv_action
BootPass_49,203,21,21,Position_Unknown,Team_Unknown,Action_PreSnap,235.18,331.0,271.47,405.99,36.29000000000002,74.99000000000001,xml_geometry_csv_action
BootPass_49,203,28,26,Position_Unknown,Team_Unknown,Action_PreSnap,186.11,322.16,221.92,391.9,35.809999999999974,69.73999999999995,xml_geometry_csv_action
BootPass_49,203,29,27,Position_Unknown,Team_Unknown,Action_PreSnap,1675.39,397.76,1708.62,475.79,33.22999999999979,78.03000000000003,xml_geometry_csv_action
BootPass_49,203,4,4,Position_Unknown,Team_Unknown,Action_PreSnap,540.88,310.93,572.87,372.23,31.99000000000001,61.30000000000001,xml_geometry_csv_action
BootPass_49,203,6,6,Position_Unknown,Team_Unknown,Action_PreSnap,860.02,705.63,897.28,803.06,37.25999999999999,97.42999999999995,xml_geometry_csv_action
BootPass_49,203,7,7,Position_Unknown,Team_Unknown,Action_PreSnap,938.94,830.79,973.67,932.88,34.729999999999905,102.09000000000003,xml_geometry_csv_action
BootPass_49,203,9,9,Position_Unknown,Team_Unknown,Action_PreSnap,852.57,422.24,881.9,490.33,29.329999999999927,68.08999999999997,xml_geometry_csv_action
BootPass_49,204,1,1,Position_Unknown,Team_Unknown,Action_PreSnap,1600.33,367.95,1643.68,442.4,43.350000000000136,74.44999999999999,xml_geometry_csv_action
BootPass_49,204,11,11,Position_Unknown,Team_Unknown,Action_PreSnap,901.88,540.87,943.97,627.05,42.09000000000003,86.17999999999995,xml_geometry_csv_action
BootPass_49,204,13,13,Position_Unknown,Team_Unknown,Action_PreSnap,860.65,290.72,894.54,350.62,33.889999999999986,59.89999999999998,xml_geometry_csv_action
BootPass_49,204,16,16,Position_Unknown,Team_Unknown,Action_PreSnap,214.29,451.89,251.33,550.59,37.04000000000002,98.70000000000005,xml_geometry_csv_action
BootPass_49,204,17,17,Position_Unknown,Team_Unknown,Action_PreSnap,287.01,505.84,331.11,595.35,44.10000000000002,89.51000000000005,xml_geometry_csv_action
BootPass_49,204,19,19,Position_Unknown,Team_Unknown,Action_PreSnap,110.49,346.32,154.57,409.88,44.08,63.56,xml_geometry_csv_action
BootPass_49,204,2,2,Position_Unknown,Team_Unknown,Action_PreSnap,106.28,643.3,145.49,751.09,39.21000000000001,107.79000000000008,xml_geometry_csv_action
BootPass_49,204,21,21,Position_Unknown,Team_Unknown,Action_PreSnap,210.51,336.54,247.87,413.3,37.360000000000014,76.75999999999999,xml_geometry_csv_action
BootPass_49,204,28,26,Position_Unknown,Team_Unknown,Action_PreSnap,164.67,328.05,203.64,398.61,38.97,70.56,xml_geometry_csv_action
BootPass_49,204,29,27,Position_Unknown,Team_Unknown,Action_PreSnap,1656.35,397.8,1689.83,477.04,33.48000000000002,79.24000000000001,xml_geometry_csv_action
BootPass_49,204,4,4,Position_Unknown,Team_Unknown,Action_PreSnap,526.16,316.42,558.25,382.91,32.09000000000003,66.49000000000001,xml_geometry_csv_action
BootPass_49,204,6,6,Position_Unknown,Team_Unknown,Action_PreSnap,844.63,707.49,885.62,809.14,40.99000000000001,101.64999999999998,xml_geometry_csv_action
BootPass_49,204,7,7,Position_Unknown,Team_Unknown,Action_PreSnap,919.66,839.12,958.09,944.71,38.430000000000064,105.59000000000003,xml_geometry_csv_action
BootPass_49,204,9,9,Position_Unknown,Team_Unknown,Action_PreSnap,836.61,423.37,868.99,497.03,32.379999999999995,73.65999999999997,xml_geometry_csv_action
BootPass_49,205,1,1,Position_Unknown,Team_Unknown,Action_PreSnap,1583.51,366.79,1623.07,440.42,39.559999999999945,73.63,xml_geometry_csv_action
BootPass_49,205,11,11,Position_Unknown,Team_Unknown,Action_PreSnap,885.47,541.88,927.43,628.46,41.95999999999992,86.58000000000004,xml_geometry_csv_action
BootPass_49,205,13,13,Position_Unknown,Team_Unknown,Action_PreSnap,844.38,291.89,880.41,351.98,36.02999999999997,60.09000000000003,xml_geometry_csv_action
BootPass_49,205,16,16,Position_Unknown,Team_Unknown,Action_PreSnap,190.15,455.76,227.79,554.78,37.639999999999986,99.01999999999998,xml_geometry_csv_action
BootPass_49,205,17,17,Position_Unknown,Team_Unknown,Action_PreSnap,266.2,509.28,311.81,600.25,45.610000000000014,90.97000000000003,xml_geometry_csv_action
BootPass_49,205,19,19,Position_Unknown,Team_Unknown,Action_PreSnap,87.25,351.33,130.77,415.99,43.52000000000001,64.66000000000003,xml_geometry_csv_action
BootPass_49,205,2,2,Position_Unknown,Team_Unknown,Action_PreSnap,82.62,648.87,121.15,756.23,38.53,107.36000000000001,xml_geometry_csv_action
BootPass_49,205,21,21,Position_Unknown,Team_Unknown,Action_PreSnap,185.26,340.57,221.87,417.5,36.610000000000014,76.93,xml_geometry_csv_action
BootPass_49,205,28,26,Position_Unknown,Team_Unknown,Action_PreSnap,144.31,332.01,181.85,402.19,37.53999999999999,70.18,xml_geometry_csv_action
BootPass_49,205,4,4,Position_Unknown,Team_Unknown,Action_PreSnap,511.32,319.77,543.4,385.2,32.079999999999984,65.43,xml_geometry_csv_action
BootPass_49,205,6,6,Position_Unknown,Team_Unknown,Action_PreSnap,828.99,705.92,869.91,800.77,40.91999999999996,94.85000000000002,xml_geometry_csv_action
BootPass_49,205,7,7,Position_Unknown,Team_Unknown,Action_PreSnap,899.07,846.17,938.12,952.76,39.049999999999955,106.59000000000003,xml_geometry_csv_action
BootPass_49,205,9,9,Position_Unknown,Team_Unknown,Action_PreSnap,819.44,426.01,854.01,501.05,34.569999999999936,75.04000000000002,xml_geometry_csv_action
BootPass_49,206,1,1,Position_Unknown,Team_Unknown,Action_PreSnap,1563.92,366.09,1601.53,440.69,37.6099999999999,74.60000000000002,xml_geometry_csv_action
BootPass_49,206,10,10,Position_Unknown,Team_Unknown,Action_PreSnap,1472.75,427.63,1508.88,507.99,36.13000000000011,80.36000000000001,xml_geometry_csv_action
BootPass_49,206,11,11,Position_Unknown,Team_Unknown,Action_PreSnap,864.73,542.29,912.27,632.0,47.539999999999964,89.71000000000004,xml_geometry_csv_action
BootPass_49,206,13,13,Position_Unknown,Team_Unknown,Action_PreSnap,826.98,291.91,865.22,352.58,38.24000000000001,60.66999999999996,xml_geometry_csv_action
BootPass_49,206,15,15,Position_Unknown,Team_Unknown,Action_PreSnap,50.89,415.16,90.18,498.62,39.290000000000006,83.45999999999998,xml_geometry_csv_action
BootPass_49,206,16,16,Position_Unknown,Team_Unknown,Action_PreSnap,165.09,460.84,203.32,559.87,38.22999999999999,99.03000000000003,xml_geometry_csv_action
BootPass_49,206,17,17,Position_Unknown,Team_Unknown,Action_PreSnap,242.1,511.66,291.65,606.71,49.54999999999998,95.05000000000001,xml_geometry_csv_action
BootPass_49,206,18,18,Position_Unknown,Team_Unknown,Action_PreSnap,18.4,448.98,64.21,543.24,45.809999999999995,94.25999999999999,xml_geometry_csv_action
BootPass_49,206,19,19,Position_Unknown,Team_Unknown,Action_PreSnap,62.2,357.11,104.37,423.38,42.17,66.26999999999998,xml_geometry_csv_action
BootPass_49,206,2,2,Position_Unknown,Team_Unknown,Action_PreSnap,56.26,654.08,95.19,762.28,38.93,108.19999999999993,xml_geometry_csv_action
BootPass_49,206,21,21,Position_Unknown,Team_Unknown,Action_PreSnap,159.0,344.67,195.13,423.31,36.129999999999995,78.63999999999999,xml_geometry_csv_action
BootPass_49,206,28,26,Position_Unknown,Team_Unknown,Action_PreSnap,120.22,335.92,160.02,406.23,39.80000000000001,70.31,xml_geometry_csv_action
BootPass_49,206,4,4,Position_Unknown,Team_Unknown,Action_PreSnap,489.53,321.97,527.49,390.72,37.960000000000036,68.75,xml_geometry_csv_action
BootPass_49,206,6,6,Position_Unknown,Team_Unknown,Action_PreSnap,810.12,706.28,855.34,802.54,45.22000000000003,96.25999999999999,xml_geometry_csv_action
BootPass_49,206,7,7,Position_Unknown,Team_Unknown,Action_PreSnap,876.77,852.02,918.48,960.26,41.710000000000036,108.24000000000001,xml_geometry_csv_action
BootPass_49,206,9,9,Position_Unknown,Team_Unknown,Action_PreSnap,802.11,426.55,839.42,503.1,37.309999999999945,76.55000000000001,xml_geometry_csv_action
BootPass_49,207,1,1,Position_Unknown,Team_Unknown,Action_PreSnap,1544.31,365.76,1579.59,436.71,35.27999999999997,70.94999999999999,xml_geometry_csv_action
BootPass_49,207,13,13,Position_Unknown,Team_Unknown,Action_PreSnap,810.31,293.95,847.11,354.9,36.80000000000007,60.94999999999999,xml_geometry_csv_action
BootPass_49,207,15,15,Position_Unknown,Team_Unknown,Action_PreSnap,24.84,419.57,63.7,503.26,38.86,83.69,xml_geometry_csv_action
BootPass_49,207,16,16,Position_Unknown,Team_Unknown,Action_PreSnap,139.92,467.61,177.99,563.7,38.07000000000002,96.09000000000003,xml_geometry_csv_action
BootPass_49,207,17,17,Position_Unknown,Team_Unknown,Action_PreSnap,224.82,516.74,268.62,610.69,43.80000000000001,93.95000000000005,xml_geometry_csv_action
BootPass_49,207,19,19,Position_Unknown,Team_Unknown,Action_PreSnap,37.72,362.8,77.72,427.63,40.0,64.82999999999998,xml_geometry_csv_action
BootPass_49,207,2,2,Position_Unknown,Team_Unknown,Action_PreSnap,29.61,660.45,67.0,767.35,37.39,106.89999999999998,xml_geometry_csv_action
BootPass_49,207,21,21,Position_Unknown,Team_Unknown,Action_PreSnap,131.68,350.38,166.37,428.51,34.69,78.13,xml_geometry_csv_action
BootPass_49,207,28,26,Position_Unknown,Team_Unknown,Action_PreSnap,98.25,340.21,136.31,411.39,38.06,71.18,xml_geometry_csv_action
BootPass_49,207,4,4,Position_Unknown,Team_Unknown,Action_PreSnap,473.15,324.59,509.71,389.81,36.56,65.22000000000003,xml_geometry_csv_action
BootPass_49,207,6,6,Position_Unknown,Team_Unknown,Action_PreSnap,794.6,708.88,835.51,801.31,40.90999999999997,92.42999999999995,xml_geometry_csv_action
BootPass_49,207,7,7,Position_Unknown,Team_Unknown,Action_PreSnap,855.4,859.35,894.84,963.32,39.440000000000055,103.97000000000003,xml_geometry_csv_action
BootPass_49,207,9,9,Position_Unknown,Team_Unknown,Action_PreSnap,786.17,429.62,821.56,505.54,35.389999999999986,75.92000000000002,xml_geometry_csv_action
BootPass_49,208,1,1,Position_Unknown,Team_Unknown,Action_PreSnap,1522.99,366.59,1557.33,431.35,34.33999999999992,64.76000000000005,xml_geometry_csv_action
BootPass_49,208,13,13,Position_Unknown,Team_Unknown,Action_PreSnap,793.68,296.87,828.03,358.4,34.35000000000002,61.52999999999997,xml_geometry_csv_action
BootPass_49,208,16,16,Position_Unknown,Team_Unknown,Action_PreSnap,113.51,474.32,152.8,570.03,39.290000000000006,95.70999999999998,xml_geometry_csv_action
BootPass_49,208,17,17,Position_Unknown,Team_Unknown,Action_PreSnap,202.91,523.4,248.27,618.88,45.360000000000014,95.48000000000002,xml_geometry_csv_action
BootPass_49,208,18,18,Position_Unknown,Team_Unknown,Action_PreSnap,0.0,461.41,14.67,557.64,14.67,96.22999999999996,xml_geometry_csv_action
BootPass_49,208,19,19,Position_Unknown,Team_Unknown,Action_PreSnap,12.83,367.99,52.11,438.11,39.28,70.12,xml_geometry_csv_action
BootPass_49,208,2,2,Position_Unknown,Team_Unknown,Action_PreSnap,2.06,666.86,41.58,777.2,39.519999999999996,110.34000000000003,xml_geometry_csv_action
BootPass_49,208,21,21,Position_Unknown,Team_Unknown,Action_PreSnap,103.46,356.44,138.44,434.75,34.980000000000004,78.31,xml_geometry_csv_action
BootPass_49,208,29,27,Position_Unknown,Team_Unknown,Action_PreSnap,1561.54,391.13,1600.37,468.19,38.82999999999993,77.06,xml_geometry_csv_action
BootPass_49,208,4,4,Position_Unknown,Team_Unknown,Action_PreSnap,451.68,329.34,492.08,392.54,40.39999999999998,63.200000000000045,xml_geometry_csv_action
BootPass_49,208,6,6,Position_Unknown,Team_Unknown,Action_PreSnap,777.36,713.39,817.73,805.17,40.370000000000005,91.77999999999997,xml_geometry_csv_action
BootPass_49,208,7,7,Position_Unknown,Team_Unknown,Action_PreSnap,831.83,865.75,871.18,970.37,39.34999999999991,104.62,xml_geometry_csv_action
BootPass_49,208,9,9,Position_Unknown,Team_Unknown,Action_PreSnap,769.27,431.93,803.25,510.83,33.98000000000002,78.89999999999998,xml_geometry_csv_action
BootPass_49,209,1,1,Position_Unknown,Team_Unknown,Action_PreSnap,1499.64,366.36,1536.61,434.27,36.9699999999998,67.90999999999997,xml_geometry_csv_action
BootPass_49,209,11,11,Position_Unknown,Team_Unknown,Action_PreSnap,821.74,553.95,856.98,643.2,35.24000000000001,89.25,xml_geometry_csv_action
BootPass_49,209,13,13,Position_Unknown,Team_Unknown,Action_PreSnap,777.71,300.79,809.66,365.65,31.949999999999932,64.85999999999996,xml_geometry_csv_action
BootPass_49,209,16,16,Position_Unknown,Team_Unknown,Action_PreSnap,87.49,481.69,126.88,577.09,39.39,95.40000000000003,xml_geometry_csv_action
BootPass_49,209,17,17,Position_Unknown,Team_Unknown,Action_PreSnap,183.93,531.36,224.65,627.81,40.72,96.44999999999993,xml_geometry_csv_action
BootPass_49,209,19,19,Position_Unknown,Team_Unknown,Action_PreSnap,0.0,372.56,24.87,460.75,24.87,88.19,xml_geometry_csv_action
BootPass_49,209,2,2,Position_Unknown,Team_Unknown,Action_PreSnap,0.0,672.55,14.33,777.14,14.33,104.59000000000003,xml_geometry_csv_action
BootPass_49,209,21,21,Position_Unknown,Team_Unknown,Action_PreSnap,74.98,362.45,109.63,441.08,34.64999999999999,78.63,xml_geometry_csv_action
BootPass_49,209,29,27,Position_Unknown,Team_Unknown,Action_PreSnap,1537.59,390.2,1577.78,468.95,40.190000000000055,78.75,xml_geometry_csv_action
BootPass_49,209,4,4,Position_Unknown,Team_Unknown,Action_PreSnap,432.37,335.57,472.47,396.65,40.10000000000002,61.079999999999984,xml_geometry_csv_action
BootPass_49,209,6,6,Position_Unknown,Team_Unknown,Action_PreSnap,756.64,718.57,799.64,808.09,43.0,89.51999999999998,xml_geometry_csv_action
BootPass_49,209,7,7,Position_Unknown,Team_Unknown,Action_PreSnap,806.82,872.51,847.41,980.9,40.58999999999992,108.38999999999999,xml_geometry_csv_action
BootPass_49,209,9,9,Position_Unknown,Team_Unknown,Action_PreSnap,752.24,435.44,784.33,514.27,32.09000000000003,78.82999999999998,xml_geometry_csv_action
BootPass_49,210,1,1,Position_Unknown,Team_Unknown,Action_PreSnap,1474.41,368.73,1516.67,440.99,42.25999999999999,72.25999999999999,xml_geometry_csv_action
BootPass_49,210,11,11,Position_Unknown,Team_Unknown,Action_PreSnap,806.74,558.68,841.45,646.13,34.710000000000036,87.45000000000005,xml_geometry_csv_action
BootPass_49,210,13,13,Position_Unknown,Team_Unknown,Action_PreSnap,760.97,306.84,793.11,372.29,32.139999999999986,65.45000000000005,xml_geometry_csv_action
BootPass_49,210,16,16,Position_Unknown,Team_Unknown,Action_PreSnap,63.0,489.16,101.19,584.51,38.19,95.34999999999997,xml_geometry_csv_action
BootPass_49,210,17,17,Position_Unknown,Team_Unknown,Action_PreSnap,163.99,540.14,202.93,636.73,38.94,96.59000000000003,xml_geometry_csv_action
BootPass_49,210,21,21,Position_Unknown,Team_Unknown,Action_PreSnap,43.04,367.79,81.1,447.76,38.059999999999995,79.96999999999997,xml_geometry_csv_action
BootPass_49,210,29,27,Position_Unknown,Team_Unknown,Action_PreSnap,1514.47,391.04,1552.49,470.4,38.01999999999998,79.35999999999996,xml_geometry_csv_action
BootPass_49,210,4,4,Position_Unknown,Team_Unknown,Action_PreSnap,412.78,339.84,454.43,402.63,41.650000000000034,62.79000000000002,xml_geometry_csv_action
BootPass_49,210,6,6,Position_Unknown,Team_Unknown,Action_PreSnap,743.69,725.51,784.36,816.56,40.66999999999996,91.04999999999995,xml_geometry_csv_action
BootPass_49,210,7,7,Position_Unknown,Team_Unknown,Action_PreSnap,785.13,879.66,825.66,993.24,40.52999999999997,113.58000000000004,xml_geometry_csv_action
BootPass_49,210,9,9,Position_Unknown,Team_Unknown,Action_PreSnap,733.63,441.08,768.35,522.49,34.72000000000003,81.41000000000003,xml_geometry_csv_action
BootPass_49,211,1,1,Position_Unknown,Team_Unknown,Action_PreSnap,1456.69,370.49,1498.28,443.74,41.58999999999992,73.25,xml_geometry_csv_action
BootPass_49,211,11,11,Position_Unknown,Team_Unknown,Action_PreSnap,784.06,561.38,827.69,653.47,43.63000000000011,92.09000000000003,xml_geometry_csv_action
BootPass_49,211,13,13,Position_Unknown,Team_Unknown,Action_PreSnap,743.63,312.11,776.92,377.53,33.289999999999964,65.41999999999996,xml_geometry_csv_action
BootPass_49,211,16,16,Position_Unknown,Team_Unknown,Action_PreSnap,37.51,494.9,76.67,592.24,39.160000000000004,97.34000000000003,xml_geometry_csv_action
BootPass_49,211,17,17,Position_Unknown,Team_Unknown,Action_PreSnap,144.57,547.96,181.65,644.23,37.08000000000001,96.26999999999998,xml_geometry_csv_action
BootPass_49,211,21,21,Position_Unknown,Team_Unknown,Action_PreSnap,8.88,370.45,55.91,456.38,47.029999999999994,85.93,xml_geometry_csv_action
BootPass_49,211,29,27,Position_Unknown,Team_Unknown,Action_PreSnap,1493.2,392.54,1530.61,472.43,37.409999999999854,79.88999999999999,xml_geometry_csv_action
BootPass_49,211,4,4,Position_Unknown,Team_Unknown,Action_PreSnap,399.01,344.26,439.3,412.03,40.29000000000002,67.76999999999998,xml_geometry_csv_action
BootPass_49,211,6,6,Position_Unknown,Team_Unknown,Action_PreSnap,732.36,730.09,772.93,826.23,40.569999999999936,96.13999999999999,xml_geometry_csv_action
BootPass_49,211,7,7,Position_Unknown,Team_Unknown,Action_PreSnap,764.48,886.94,806.71,1005.89,42.23000000000002,118.94999999999993,xml_geometry_csv_action
BootPass_49,211,9,9,Position_Unknown,Team_Unknown,Action_PreSnap,715.84,444.22,754.09,527.07,38.25,82.85000000000002,xml_geometry_csv_action
BootPass_49,212,1,1,Position_Unknown,Team_Unknown,Action_PreSnap,1438.82,373.37,1480.04,446.97,41.22000000000003,73.60000000000002,xml_geometry_csv_action
BootPass_49,212,11,11,Position_Unknown,Team_Unknown,Action_PreSnap,763.5,565.26,814.1,657.08,50.60000000000002,91.82000000000005,xml_geometry_csv_action
BootPass_49,212,13,13,Position_Unknown,Team_Unknown,Action_PreSnap,724.84,316.46,763.4,381.8,38.559999999999945,65.34000000000003,xml_geometry_csv_action
BootPass_49,212,16,16,Position_Unknown,Team_Unknown,Action_PreSnap,14.65,501.98,54.61,598.86,39.96,96.88,xml_geometry_csv_action
BootPass_49,212,17,17,Position_Unknown,Team_Unknown,Action_PreSnap,123.64,554.62,162.86,648.68,39.22000000000001,94.05999999999995,xml_geometry_csv_action
BootPass_49,212,21,21,Position_Unknown,Team_Unknown,Action_PreSnap,0.0,379.86,30.63,464.3,30.63,84.44,xml_geometry_csv_action
BootPass_49,212,29,27,Position_Unknown,Team_Unknown,Action_PreSnap,1472.56,395.73,1508.43,475.05,35.87000000000012,79.32,xml_geometry_csv_action
BootPass_49,212,4,4,Position_Unknown,Team_Unknown,Action_PreSnap,384.09,349.58,421.75,421.28,37.660000000000025,71.69999999999999,xml_geometry_csv_action
BootPass_49,212,6,6,Position_Unknown,Team_Unknown,Action_PreSnap,720.43,734.13,759.68,826.59,39.25,92.46000000000004,xml_geometry_csv_action
BootPass_49,212,7,7,Position_Unknown,Team_Unknown,Action_PreSnap,743.23,895.26,788.08,1018.15,44.85000000000002,122.88999999999999,xml_geometry_csv_action
BootPass_49,212,9,9,Position_Unknown,Team_Unknown,Action_PreSnap,698.26,447.44,739.19,528.2,40.930000000000064,80.76000000000005,xml_geometry_csv_action
BootPass_49,213,1,1,Position_Unknown,Team_Unknown,Action_PreSnap,1423.99,376.46,1462.13,448.9,38.1400000000001,72.44,xml_geometry_csv_action
BootPass_49,213,11,11,Position_Unknown,Team_Unknown,Action_PreSnap,746.4,568.98,803.35,660.17,56.950000000000045,91.18999999999994,xml_geometry_csv_action
BootPass_49,213,13,13,Position_Unknown,Team_Unknown,Action_PreSnap,706.89,320.82,748.9,386.71,42.00999999999999,65.88999999999999,xml_geometry_csv_action
BootPass_49,213,16,16,Position_Unknown,Team_Unknown,Action_PreSnap,0.0,509.8,31.89,609.02,31.89,99.21999999999997,xml_geometry_csv_action
BootPass_49,213,17,17,Position_Unknown,Team_Unknown,Action_PreSnap,101.6,562.37,146.5,654.88,44.900000000000006,92.50999999999999,xml_geometry_csv_action
BootPass_49,213,29,27,Position_Unknown,Team_Unknown,Action_PreSnap,1452.31,398.5,1486.77,477.99,34.460000000000036,79.49000000000001,xml_geometry_csv_action
BootPass_49,213,4,4,Position_Unknown,Team_Unknown,Action_PreSnap,368.94,356.75,403.86,429.01,34.920000000000016,72.25999999999999,xml_geometry_csv_action
BootPass_49,213,6,6,Position_Unknown,Team_Unknown,Action_PreSnap,707.25,738.8,745.12,830.35,37.870000000000005,91.55000000000007,xml_geometry_csv_action
BootPass_49,213,7,7,Position_Unknown,Team_Unknown,Action_PreSnap,723.65,906.08,765.65,1026.69,42.0,120.61000000000001,xml_geometry_csv_action
BootPass_49,213,9,9,Position_Unknown,Team_Unknown,Action_PreSnap,681.36,451.35,724.71,531.52,43.35000000000002,80.16999999999996,xml_geometry_csv_action
BootPass_49,214,1,1,Position_Unknown,Team_Unknown,Action_PreSnap,1411.68,379.71,1446.19,450.51,34.50999999999999,70.80000000000001,xml_geometry_csv_action
BootPass_49,214,11,11,Position_Unknown,Team_Unknown,Action_PreSnap,729.68,572.84,794.22,664.6,64.54000000000008,91.75999999999999,xml_geometry_csv_action
BootPass_49,214,13,13,Position_Unknown,Team_Unknown,Action_PreSnap,693.19,325.12,737.32,390.67,44.129999999999995,65.55000000000001,xml_geometry_csv_action
BootPass_49,214,17,17,Position_Unknown,Team_Unknown,Action_PreSnap,82.42,569.15,131.12,660.85,48.7,91.70000000000005,xml_geometry_csv_action
BootPass_49,214,29,27,Position_Unknown,Team_Unknown,Action_PreSnap,1432.93,400.3,1466.84,480.32,33.909999999999854,80.01999999999998,xml_geometry_csv_action
BootPass_49,214,4,4,Position_Unknown,Team_Unknown,Action_PreSnap,357.73,362.77,389.68,432.15,31.94999999999999,69.38,xml_geometry_csv_action
BootPass_49,214,6,6,Position_Unknown,Team_Unknown,Action_PreSnap,695.02,742.89,734.01,842.59,38.99000000000001,99.70000000000005,xml_geometry_csv_action
BootPass_49,214,7,7,Position_Unknown,Team_Unknown,Action_PreSnap,702.96,915.63,747.59,1035.87,44.629999999999995,120.2399999999999,xml_geometry_csv_action
BootPass_49,214,9,9,Position_Unknown,Team_Unknown,Action_PreSnap,666.76,455.85,711.06,535.9,44.299999999999955,80.04999999999995,xml_geometry_csv_action
BootPass_49,215,11,11,Position_Unknown,Team_Unknown,Action_PreSnap,719.43,577.06,782.81,668.52,63.379999999999995,91.46000000000004,xml_geometry_csv_action
BootPass_49,215,13,13,Position_Unknown,Team_Unknown,Action_PreSnap,685.09,329.98,727.62,397.98,42.52999999999997,68.0,xml_geometry_csv_action
BootPass_49,215,17,17,Position_Unknown,Team_Unknown,Action_PreSnap,64.55,575.82,118.72,668.26,54.17,92.43999999999994,xml_geometry_csv_action
BootPass_49,215,29,27,Position_Unknown,Team_Unknown,Action_PreSnap,1413.16,397.77,1448.78,482.99,35.61999999999989,85.22000000000003,xml_geometry_csv_action
BootPass_49,215,4,4,Position_Unknown,Team_Unknown,Action_PreSnap,345.73,368.68,378.69,437.09,32.95999999999998,68.40999999999997,xml_geometry_csv_action
BootPass_49,215,6,6,Position_Unknown,Team_Unknown,Action_PreSnap,682.99,748.14,723.06,849.08,40.069999999999936,100.94000000000005,xml_geometry_csv_action
BootPass_49,215,7,7,Position_Unknown,Team_Unknown,Action_PreSnap,686.02,925.5,729.86,1042.81,43.84000000000003,117.30999999999995,xml_geometry_csv_action
BootPass_49,215,9,9,Position_Unknown,Team_Unknown,Action_PreSnap,656.52,459.93,698.29,539.1,41.76999999999998,79.17000000000002,xml_geometry_csv_action
BootPass_49,216,11,11,Position_Unknown,Team_Unknown,Action_PreSnap,714.33,583.28,770.11,672.0,55.77999999999997,88.72000000000003,xml_geometry_csv_action
BootPass_49,216,13,13,Position_Unknown,Team_Unknown,Action_PreSnap,675.52,336.39,717.76,405.06,42.24000000000001,68.67000000000002,xml_geometry_csv_action
BootPass_49,216,17,17,Position_Unknown,Team_Unknown,Action_PreSnap,46.99,581.52,105.28,675.77,58.29,94.25,xml_geometry_csv_action
BootPass_49,216,29,27,Position_Unknown,Team_Unknown,Action_PreSnap,1387.54,392.4,1431.21,483.4,43.67000000000007,91.0,xml_geometry_csv_action
BootPass_49,216,4,4,Position_Unknown,Team_Unknown,Action_PreSnap,331.4,373.69,369.33,444.98,37.93000000000001,71.29000000000002,xml_geometry_csv_action
BootPass_49,216,7,7,Position_Unknown,Team_Unknown,Action_PreSnap,668.14,933.3,715.48,1049.32,47.34000000000003,116.01999999999998,xml_geometry_csv_action
BootPass_49,216,9,9,Position_Unknown,Team_Unknown,Action_PreSnap,645.66,465.33,686.43,544.14,40.76999999999998,78.81,xml_geometry_csv_action
BootPass_49,217,11,11,Position_Unknown,Team_Unknown,Action_PreSnap,711.0,588.7,758.52,677.34,47.51999999999998,88.63999999999999,xml_geometry_csv_action
BootPass_49,217,13,13,Position_Unknown,Team_Unknown,Action_PreSnap,669.17,341.18,705.67,411.34,36.5,70.15999999999997,xml_geometry_csv_action
BootPass_49,217,17,17,Position_Unknown,Team_Unknown,Action_PreSnap,35.97,588.73,94.65,683.16,58.68000000000001,94.42999999999995,xml_geometry_csv_action
BootPass_49,217,29,27,Position_Unknown,Team_Unknown,Action_PreSnap,1372.48,390.32,1416.47,481.16,43.99000000000001,90.84000000000003,xml_geometry_csv_action
BootPass_49,217,4,4,Position_Unknown,Team_Unknown,Action_PreSnap,317.13,378.37,360.79,451.94,43.660000000000025,73.57,xml_geometry_csv_action
BootPass_49,217,7,7,Position_Unknown,Team_Unknown,Action_PreSnap,652.52,940.15,699.19,1055.56,46.67000000000007,115.40999999999997,xml_geometry_csv_action
BootPass_49,217,9,9,Position_Unknown,Team_Unknown,Action_PreSnap,636.03,470.09,674.82,550.64,38.79000000000008,80.55000000000001,xml_geometry_csv_action
BootPass_49,218,11,11,Position_Unknown,Team_Unknown,Action_PreSnap,706.23,592.23,748.85,683.81,42.620000000000005,91.57999999999993,xml_geometry_csv_action
BootPass_49,218,13,13,Position_Unknown,Team_Unknown,Action_PreSnap,662.18,346.46,694.11,417.23,31.930000000000064,70.77000000000004,xml_geometry_csv_action
BootPass_49,218,17,17,Position_Unknown,Team_Unknown,Action_PreSnap,26.5,595.98,83.59,691.66,57.09,95.67999999999995,xml_geometry_csv_action
BootPass_49,218,29,27,Position_Unknown,Team_Unknown,Action_PreSnap,1358.01,390.68,1400.67,477.49,42.66000000000008,86.81,xml_geometry_csv_action
BootPass_49,218,4,4,Position_Unknown,Team_Unknown,Action_PreSnap,303.11,384.65,353.12,459.13,50.00999999999999,74.48000000000002,xml_geometry_csv_action
BootPass_49,218,6,6,Position_Unknown,Team_Unknown,Action_PreSnap,657.36,760.7,695.01,845.61,37.64999999999998,84.90999999999997,xml_geometry_csv_action
BootPass_49,218,7,7,Position_Unknown,Team_Unknown,Action_PreSnap,637.26,948.6,682.5,1062.31,45.24000000000001,113.70999999999992,xml_geometry_csv_action
BootPass_49,218,9,9,Position_Unknown,Team_Unknown,Action_PreSnap,628.59,476.59,663.47,555.55,34.879999999999995,78.95999999999998,xml_geometry_csv_action
BootPass_49,219,11,11,Position_Unknown,Team_Unknown,Action_PreSnap,696.84,596.32,740.29,689.15,43.44999999999993,92.82999999999993,xml_geometry_csv_action
BootPass_49,219,13,13,Position_Unknown,Team_Unknown,Action_PreSnap,654.41,351.73,687.35,422.01,32.940000000000055,70.27999999999997,xml_geometry_csv_action
BootPass_49,219,17,17,Position_Unknown,Team_Unknown,Action_PreSnap,18.42,605.46,69.46,699.43,51.03999999999999,93.96999999999991,xml_geometry_csv_action
BootPass_49,219,29,27,Position_Unknown,Team_Unknown,Action_PreSnap,1344.69,393.61,1386.11,476.37,41.419999999999845,82.75999999999999,xml_geometry_csv_action
BootPass_49,219,4,4,Position_Unknown,Team_Unknown,Action_PreSnap,288.78,390.54,345.77,466.19,56.99000000000001,75.64999999999998,xml_geometry_csv_action
BootPass_49,219,7,7,Position_Unknown,Team_Unknown,Action_PreSnap,620.96,956.88,667.62,1073.35,46.65999999999997,116.46999999999991,xml_geometry_csv_action
BootPass_49,219,9,9,Position_Unknown,Team_Unknown,Action_PreSnap,618.69,481.97,654.76,560.01,36.069999999999936,78.03999999999996,xml_geometry_csv_action
BootPass_49,220,11,11,Position_Unknown,Team_Unknown,Action_PreSnap,687.71,600.04,732.24,694.77,44.52999999999997,94.73000000000002,xml_geometry_csv_action
BootPass_49,220,13,13,Position_Unknown,Team_Unknown,Action_PreSnap,645.07,358.26,682.5,429.23,37.42999999999995,70.97000000000003,xml_geometry_csv_action
BootPass_49,220,17,17,Position_Unknown,Team_Unknown,Action_PreSnap,11.09,615.98,57.15,709.51,46.06,93.52999999999997,xml_geometry_csv_action
BootPass_49,220,29,27,Position_Unknown,Team_Unknown,Action_PreSnap,1334.06,396.62,1375.06,480.96,41.0,84.33999999999997,xml_geometry_csv_action
BootPass_49,220,4,4,Position_Unknown,Team_Unknown,Action_PreSnap,285.98,397.14,338.91,472.36,52.93000000000001,75.22000000000003,xml_geometry_csv_action
BootPass_49,220,6,6,Position_Unknown,Team_Unknown,Action_PreSnap,639.78,771.74,674.33,830.32,34.55000000000007,58.58000000000004,xml_geometry_csv_action
BootPass_49,220,7,7,Position_Unknown,Team_Unknown,Action_PreSnap,606.92,965.98,652.15,1080.0,45.23000000000002,114.01999999999998,xml_geometry_csv_action
BootPass_49,220,9,9,Position_Unknown,Team_Unknown,Action_PreSnap,611.0,486.43,646.21,563.36,35.210000000000036,76.93,xml_geometry_csv_action
BootPass_49,221,11,11,Position_Unknown,Team_Unknown,Action_PreSnap,676.65,605.61,723.39,698.06,46.74000000000001,92.44999999999993,xml_geometry_csv_action
BootPass_49,221,13,13,Position_Unknown,Team_Unknown,Action_PreSnap,636.29,363.13,674.19,430.11,37.90000000000009,66.98000000000002,xml_geometry_csv_action
BootPass_49,221,17,17,Position_Unknown,Team_Unknown,Action_PreSnap,2.59,622.87,44.71,718.52,42.120000000000005,95.64999999999998,xml_geometry_csv_action
BootPass_49,221,29,27,Position_Unknown,Team_Unknown,Action_PreSnap,1321.83,400.17,1360.87,486.51,39.039999999999964,86.33999999999997,xml_geometry_csv_action
BootPass_49,221,32,28,Position_Unknown,Team_Unknown,Action_PreSnap,1208.71,458.48,1244.78,535.32,36.069999999999936,76.84000000000003,xml_geometry_csv_action
BootPass_49,221,33,29,Position_Unknown,Team_Unknown,Action_PreSnap,1223.65,417.26,1260.21,485.51,36.559999999999945,68.25,xml_geometry_csv_action
BootPass_49,221,4,4,Position_Unknown,Team_Unknown,Action_PreSnap,280.36,403.81,328.1,480.0,47.74000000000001,76.19,xml_geometry_csv_action
BootPass_49,221,6,6,Position_Unknown,Team_Unknown,Action_PreSnap,631.02,779.94,665.21,831.7,34.190000000000055,51.75999999999999,xml_geometry_csv_action
BootPass_49,221,7,7,Position_Unknown,Team_Unknown,Action_PreSnap,590.64,976.34,635.56,1080.0,44.91999999999996,103.65999999999997,xml_geometry_csv_action
BootPass_49,221,9,9,Position_Unknown,Team_Unknown,Action_PreSnap,602.06,488.89,636.53,566.05,34.47000000000003,77.15999999999997,xml_geometry_csv_action
BootPass_49,222,11,11,Position_Unknown,Team_Unknown,Action_PreSnap,665.25,609.11,712.8,699.44,47.549999999999955,90.33000000000004,xml_geometry_csv_action
BootPass_49,222,13,13,Position_Unknown,Team_Unknown,Action_PreSnap,624.26,366.28,663.74,435.95,39.48000000000002,69.67000000000002,xml_geometry_csv_action
BootPass_49,222,17,17,Position_Unknown,Team_Unknown,Action_PreSnap,0.0,630.76,29.83,717.86,29.83,87.10000000000002,xml_geometry_csv_action
BootPass_49,222,29,27,Position_Unknown,Team_Unknown,Action_PreSnap,1307.99,404.37,1346.75,489.86,38.75999999999999,85.49000000000001,xml_geometry_csv_action
BootPass_49,222,33,29,Position_Unknown,Team_Unknown,Action_PreSnap,1211.56,420.13,1245.29,488.97,33.73000000000002,68.84000000000003,xml_geometry_csv_action
BootPass_49,222,4,4,Position_Unknown,Team_Unknown,Action_PreSnap,273.87,412.16,313.02,487.68,39.14999999999998,75.51999999999998,xml_geometry_csv_action
BootPass_49,222,6,6,Position_Unknown,Team_Unknown,Action_PreSnap,620.26,785.23,655.6,837.41,35.34000000000003,52.17999999999995,xml_geometry_csv_action
BootPass_49,222,7,7,Position_Unknown,Team_Unknown,Action_PreSnap,572.66,988.21,617.29,1080.0,44.629999999999995,91.78999999999996,xml_geometry_csv_action
BootPass_49,222,9,9,Position_Unknown,Team_Unknown,Action_PreSnap,588.8,493.15,626.37,572.15,37.57000000000005,79.0,xml_geometry_csv_action
BootPass_49,223,11,11,Position_Unknown,Team_Unknown,Action_PreSnap,651.95,612.02,702.27,702.13,50.319999999999936,90.11000000000001,xml_geometry_csv_action
BootPass_49,223,13,13,Position_Unknown,Team_Unknown,Action_PreSnap,611.66,368.99,653.98,440.09,42.32000000000005,71.09999999999997,xml_geometry_csv_action
BootPass_49,223,17,17,Position_Unknown,Team_Unknown,Action_PreSnap,0.0,636.13,17.52,716.96,17.52,80.83000000000004,xml_geometry_csv_action
BootPass_49,223,29,27,Position_Unknown,Team_Unknown,Action_PreSnap,1292.39,408.68,1333.23,493.31,40.83999999999992,84.63,xml_geometry_csv_action
BootPass_49,223,32,28,Position_Unknown,Team_Unknown,Action_PreSnap,1178.96,465.04,1212.66,543.1,33.700000000000045,78.06,xml_geometry_csv_action
BootPass_49,223,33,29,Position_Unknown,Team_Unknown,Action_PreSnap,1198.64,422.78,1232.5,496.56,33.8599999999999,73.78000000000003,xml_geometry_csv_action
BootPass_49,223,4,4,Position_Unknown,Team_Unknown,Action_PreSnap,264.52,419.31,300.26,497.04,35.74000000000001,77.73000000000002,xml_geometry_csv_action
BootPass_49,223,6,6,Position_Unknown,Team_Unknown,Action_PreSnap,607.74,790.94,647.91,846.35,40.16999999999996,55.40999999999997,xml_geometry_csv_action
BootPass_49,223,7,7,Position_Unknown,Team_Unknown,Action_PreSnap,551.3,1000.1,602.03,1080.0,50.73000000000002,79.89999999999998,xml_geometry_csv_action
BootPass_49,223,9,9,Position_Unknown,Team_Unknown,Action_PreSnap,573.82,497.24,616.08,578.39,42.25999999999999,81.14999999999998,xml_geometry_csv_action
BootPass_49,224,11,11,Position_Unknown,Team_Unknown,Action_PreSnap,654.1,611.04,705.42,701.07,51.319999999999936,90.03000000000009,xml_geometry_csv_action
BootPass_49,224,13,13,Position_Unknown,Team_Unknown,Action_PreSnap,614.11,367.87,657.53,439.52,43.41999999999996,71.64999999999998,xml_geometry_csv_action
BootPass_49,224,17,17,Position_Unknown,Team_Unknown,Action_PreSnap,0.71,635.93,18.98,714.53,18.27,78.60000000000002,xml_geometry_csv_action
BootPass_49,224,29,27,Position_Unknown,Team_Unknown,Action_PreSnap,1293.76,408.34,1335.37,492.63,41.6099999999999,84.29000000000002,xml_geometry_csv_action
BootPass_49,224,32,28,Position_Unknown,Team_Unknown,Action_PreSnap,1180.32,464.2,1213.64,542.4,33.320000000000164,78.19999999999999,xml_geometry_csv_action
BootPass_49,224,33,29,Position_Unknown,Team_Unknown,Action_PreSnap,1200.33,421.88,1234.27,497.24,33.940000000000055,75.36000000000001,xml_geometry_csv_action
BootPass_49,224,4,4,Position_Unknown,Team_Unknown,Action_PreSnap,267.63,419.86,302.25,498.38,34.620000000000005,78.51999999999998,xml_geometry_csv_action
BootPass_49,224,6,6,Position_Unknown,Team_Unknown,Action_PreSnap,610.3,790.97,652.24,847.52,41.940000000000055,56.549999999999955,xml_geometry_csv_action
BootPass_49,224,7,7,Position_Unknown,Team_Unknown,Action_PreSnap,550.65,1002.02,603.61,1080.0,52.960000000000036,77.98000000000002,xml_geometry_csv_action
BootPass_49,224,9,9,Position_Unknown,Team_Unknown,Action_PreSnap,575.43,496.69,619.48,578.64,44.05000000000007,81.94999999999999,xml_geometry_csv_action
BootPass_49,225,11,11,Position_Unknown,Team_Unknown,Action_PreSnap,628.72,620.96,672.54,709.96,43.819999999999936,89.0,xml_geometry_csv_action
BootPass_49,225,13,13,Position_Unknown,Team_Unknown,Action_PreSnap,587.41,379.77,629.34,450.41,41.930000000000064,70.64000000000004,xml_geometry_csv_action
BootPass_49,225,29,27,Position_Unknown,Team_Unknown,Action_PreSnap,1261.02,417.42,1302.07,500.74,41.049999999999955,83.32,xml_geometry_csv_action
BootPass_49,225,33,29,Position_Unknown,Team_Unknown,Action_PreSnap,1169.95,429.76,1204.26,498.29,34.309999999999945,68.53000000000003,xml_geometry_csv_action
BootPass_49,225,4,4,Position_Unknown,Team_Unknown,Action_PreSnap,235.32,429.7,274.63,504.54,39.31,74.84000000000003,xml_geometry_csv_action
BootPass_49,225,6,6,Position_Unknown,Team_Unknown,Action_PreSnap,578.9,799.65,621.5,864.46,42.60000000000002,64.81000000000006,xml_geometry_csv_action
BootPass_49,225,7,7,Position_Unknown,Team_Unknown,Action_PreSnap,509.87,1021.32,561.19,1080.0,51.32000000000005,58.67999999999995,xml_geometry_csv_action
BootPass_49,225,9,9,Position_Unknown,Team_Unknown,Action_PreSnap,540.12,505.39,589.33,586.22,49.210000000000036,80.83000000000004,xml_geometry_csv_action
BootPass_49,226,11,11,Position_Unknown,Team_Unknown,Action_PreSnap,622.7,626.11,658.82,715.12,36.120000000000005,89.00999999999999,xml_geometry_csv_action
BootPass_49,226,13,13,Position_Unknown,Team_Unknown,Action_PreSnap,580.98,386.5,618.47,457.79,37.49000000000001,71.29000000000002,xml_geometry_csv_action
BootPass_49,226,29,27,Position_Unknown,Team_Unknown,Action_PreSnap,1249.76,421.14,1287.94,502.72,38.180000000000064,81.58000000000004,xml_geometry_csv_action
BootPass_49,226,33,29,Position_Unknown,Team_Unknown,Action_PreSnap,1161.28,431.2,1192.82,498.15,31.539999999999964,66.94999999999999,xml_geometry_csv_action
BootPass_49,226,4,4,Position_Unknown,Team_Unknown,Action_PreSnap,222.16,434.69,263.77,504.31,41.609999999999985,69.62,xml_geometry_csv_action
BootPass_49,226,6,6,Position_Unknown,Team_Unknown,Action_PreSnap,566.49,804.65,608.57,868.89,42.08000000000004,64.24000000000001,xml_geometry_csv_action
BootPass_49,226,7,7,Position_Unknown,Team_Unknown,Action_PreSnap,492.34,1033.7,540.24,1080.0,47.900000000000034,46.299999999999955,xml_geometry_csv_action
BootPass_49,226,9,9,Position_Unknown,Team_Unknown,Action_PreSnap,536.62,510.98,577.54,589.7,40.91999999999996,78.72000000000003,xml_geometry_csv_action
BootPass_49,227,11,11,Position_Unknown,Team_Unknown,Action_PreSnap,611.19,630.53,646.2,722.19,35.00999999999999,91.66000000000008,xml_geometry_csv_action
BootPass_49,227,13,13,Position_Unknown,Team_Unknown,Action_PreSnap,571.49,392.13,605.7,464.72,34.210000000000036,72.59000000000003,xml_geometry_csv_action
BootPass_49,227,29,27,Position_Unknown,Team_Unknown,Action_PreSnap,1235.29,424.34,1273.32,505.74,38.02999999999997,81.40000000000003,xml_geometry_csv_action
BootPass_49,227,33,29,Position_Unknown,Team_Unknown,Action_PreSnap,1149.37,434.03,1180.84,502.54,31.470000000000027,68.51000000000005,xml_geometry_csv_action
BootPass_49,227,4,4,Position_Unknown,Team_Unknown,Action_PreSnap,208.15,439.88,251.23,509.77,43.079999999999984,69.88999999999999,xml_geometry_csv_action
BootPass_49,227,6,6,Position_Unknown,Team_Unknown,Action_PreSnap,552.3,807.65,597.71,899.66,45.41000000000008,92.00999999999999,xml_geometry_csv_action
BootPass_49,227,7,7,Position_Unknown,Team_Unknown,Action_PreSnap,475.19,1045.03,523.71,1079.95,48.52000000000004,34.92000000000007,xml_geometry_csv_action
BootPass_49,228,11,11,Position_Unknown,Team_Unknown,Action_PreSnap,613.62,629.95,648.26,722.76,34.639999999999986,92.80999999999995,xml_geometry_csv_action
BootPass_49,228,13,13,Position_Unknown,Team_Unknown,Action_PreSnap,574.68,392.14,607.71,465.16,33.030000000000086,73.02000000000004,xml_geometry_csv_action
BootPass_49,228,29,27,Position_Unknown,Team_Unknown,Action_PreSnap,1237.04,423.53,1275.0,504.85,37.960000000000036,81.32000000000005,xml_geometry_csv_action
BootPass_49,228,33,29,Position_Unknown,Team_Unknown,Action_PreSnap,1151.72,433.13,1183.16,502.15,31.440000000000055,69.01999999999998,xml_geometry_csv_action
BootPass_49,228,4,4,Position_Unknown,Team_Unknown,Action_PreSnap,210.02,439.71,253.67,509.7,43.64999999999998,69.99000000000001,xml_geometry_csv_action
BootPass_49,228,6,6,Position_Unknown,Team_Unknown,Action_PreSnap,554.24,806.7,600.88,908.29,46.639999999999986,101.58999999999992,xml_geometry_csv_action
BootPass_49,228,7,7,Position_Unknown,Team_Unknown,Action_PreSnap,476.04,1045.94,524.75,1078.63,48.70999999999998,32.690000000000055,xml_geometry_csv_action
BootPass_49,229,11,11,Position_Unknown,Team_Unknown,Action_PreSnap,597.33,634.15,632.9,728.38,35.569999999999936,94.23000000000002,xml_geometry_csv_action
BootPass_49,229,13,13,Position_Unknown,Team_Unknown,Action_PreSnap,561.97,397.89,593.72,472.46,31.75,74.57,xml_geometry_csv_action
BootPass_49,229,29,27,Position_Unknown,Team_Unknown,Action_PreSnap,1220.3,427.95,1257.11,508.99,36.809999999999945,81.04000000000002,xml_geometry_csv_action
BootPass_49,229,33,29,Position_Unknown,Team_Unknown,Action_PreSnap,1135.78,437.45,1166.99,506.89,31.210000000000036,69.44,xml_geometry_csv_action
BootPass_49,229,4,4,Position_Unknown,Team_Unknown,Action_PreSnap,193.81,445.08,239.59,517.35,45.78,72.27000000000004,xml_geometry_csv_action
BootPass_49,229,6,6,Position_Unknown,Team_Unknown,Action_PreSnap,538.02,809.24,584.82,914.24,46.80000000000007,105.0,xml_geometry_csv_action
BootPass_49,229,7,7,Position_Unknown,Team_Unknown,Action_PreSnap,455.75,1055.57,508.41,1079.48,52.660000000000025,23.910000000000082,xml_geometry_csv_action
BootPass_49,229,9,9,Position_Unknown,Team_Unknown,Action_PreSnap,514.38,521.61,555.34,602.43,40.960000000000036,80.81999999999994,xml_geometry_csv_action
BootPass_49,230,11,11,Position_Unknown,Team_Unknown,Action_PreSnap,563.46,642.1,605.21,734.79,41.75,92.68999999999994,xml_geometry_csv_action
BootPass_49,230,13,13,Position_Unknown,Team_Unknown,Action_PreSnap,529.13,407.19,567.13,480.83,38.0,73.63999999999999,xml_geometry_csv_action
BootPass_49,230,4,4,Position_Unknown,Team_Unknown,Action_PreSnap,164.66,456.18,208.88,532.73,44.22,76.55000000000001,xml_geometry_csv_action
BootPass_49,230,6,6,Position_Unknown,Team_Unknown,Action_PreSnap,508.24,819.33,554.76,924.48,46.51999999999998,105.14999999999998,xml_geometry_csv_action
BootPass_49,230,9,9,Position_Unknown,Team_Unknown,Action_PreSnap,484.16,528.47,525.52,610.0,41.35999999999996,81.52999999999997,xml_geometry_csv_action
BootPass_49,231,13,13,Position_Unknown,Team_Unknown,Action_PreSnap,519.49,411.67,560.33,482.99,40.84000000000003,71.32,xml_geometry_csv_action
BootPass_49,231,29,27,Position_Unknown,Team_Unknown,Action_PreSnap,1175.36,431.16,1212.06,515.62,36.700000000000045,84.45999999999998,xml_geometry_csv_action
BootPass_49,231,33,29,Position_Unknown,Team_Unknown,Action_PreSnap,1092.88,445.39,1126.58,517.56,33.69999999999982,72.16999999999996,xml_geometry_csv_action
BootPass_49,231,4,4,Position_Unknown,Team_Unknown,Action_PreSnap,159.64,462.55,196.41,540.47,36.77000000000001,77.92000000000002,xml_geometry_csv_action
BootPass_49,231,6,6,Position_Unknown,Team_Unknown,Action_PreSnap,498.98,826.23,544.7,931.45,45.72000000000003,105.22000000000003,xml_geometry_csv_action
BootPass_49,231,9,9,Position_Unknown,Team_Unknown,Action_PreSnap,472.76,531.61,514.91,616.5,42.14999999999998,84.88999999999999,xml_geometry_csv_action
BootPass_49,232,13,13,Position_Unknown,Team_Unknown,Action_PreSnap,511.83,416.26,555.7,486.92,43.87000000000006,70.66000000000003,xml_geometry_csv_action
BootPass_49,232,29,27,Position_Unknown,Team_Unknown,Action_PreSnap,1164.93,432.14,1202.69,517.14,37.75999999999999,85.0,xml_geometry_csv_action
BootPass_49,232,4,4,Position_Unknown,Team_Unknown,Action_PreSnap,153.58,466.46,187.92,546.66,34.339999999999975,80.19999999999999,xml_geometry_csv_action
BootPass_49,232,6,6,Position_Unknown,Team_Unknown,Action_PreSnap,490.51,832.88,534.86,937.45,44.35000000000002,104.57000000000005,xml_geometry_csv_action
BootPass_49,232,9,9,Position_Unknown,Team_Unknown,Action_PreSnap,462.53,534.83,505.69,621.02,43.160000000000025,86.18999999999994,xml_geometry_csv_action
BootPass_49,233,13,13,Position_Unknown,Team_Unknown,Action_PreSnap,514.7,416.2,560.09,486.6,45.389999999999986,70.40000000000003,xml_geometry_csv_action
BootPass_49,233,29,27,Position_Unknown,Team_Unknown,Action_PreSnap,1166.88,430.93,1205.01,516.04,38.12999999999988,85.10999999999996,xml_geometry_csv_action
BootPass_49,233,4,4,Position_Unknown,Team_Unknown,Action_PreSnap,156.45,466.2,190.58,548.18,34.130000000000024,81.97999999999996,xml_geometry_csv_action
BootPass_49,233,6,6,Position_Unknown,Team_Unknown,Action_PreSnap,493.39,833.97,536.94,938.01,43.55000000000007,104.03999999999996,xml_geometry_csv_action
BootPass_49,233,9,9,Position_Unknown,Team_Unknown,Action_PreSnap,464.61,534.3,508.11,620.96,43.5,86.66000000000008,xml_geometry_csv_action
BootPass_49,234,11,11,Position_Unknown,Team_Unknown,Action_PreSnap,531.59,655.29,573.83,743.95,42.24000000000001,88.66000000000008,xml_geometry_csv_action
BootPass_49,234,13,13,Position_Unknown,Team_Unknown,Action_PreSnap,498.66,421.69,544.11,492.24,45.44999999999999,70.55000000000001,xml_geometry_csv_action
BootPass_49,234,29,27,Position_Unknown,Team_Unknown,Action_PreSnap,1146.03,432.62,1183.23,521.04,37.200000000000045,88.41999999999996,xml_geometry_csv_action
BootPass_49,234,33,29,Position_Unknown,Team_Unknown,Action_PreSnap,1070.67,452.59,1105.32,522.93,34.649999999999864,70.33999999999997,xml_geometry_csv_action
BootPass_49,234,4,4,Position_Unknown,Team_Unknown,Action_PreSnap,129.84,473.97,170.55,550.54,40.71000000000001,76.56999999999994,xml_geometry_csv_action
BootPass_49,234,6,6,Position_Unknown,Team_Unknown,Action_PreSnap,472.95,842.18,516.43,948.06,43.47999999999996,105.88,xml_geometry_csv_action
BootPass_49,234,9,9,Position_Unknown,Team_Unknown,Action_PreSnap,443.98,541.25,488.35,624.51,44.370000000000005,83.25999999999999,xml_geometry_csv_action
BootPass_49,235,13,13,Position_Unknown,Team_Unknown,Action_PreSnap,496.2,424.24,539.52,496.35,43.31999999999999,72.11000000000001,xml_geometry_csv_action
BootPass_49,235,29,27,Position_Unknown,Team_Unknown,Action_PreSnap,1138.76,429.48,1175.59,521.48,36.82999999999993,92.0,xml_geometry_csv_action
BootPass_49,235,33,29,Position_Unknown,Team_Unknown,Action_PreSnap,1065.61,453.78,1099.73,523.62,34.12000000000012,69.84000000000003,xml_geometry_csv_action
BootPass_49,235,4,4,Position_Unknown,Team_Unknown,Action_PreSnap,119.24,476.84,164.83,553.87,45.59000000000002,77.03000000000003,xml_geometry_csv_action
BootPass_49,235,6,6,Position_Unknown,Team_Unknown,Action_PreSnap,464.49,843.86,507.61,955.27,43.120000000000005,111.40999999999997,xml_geometry_csv_action
BootPass_49,235,9,9,Position_Unknown,Team_Unknown,Action_PreSnap,436.48,544.18,480.53,626.67,44.049999999999955,82.49000000000001,xml_geometry_csv_action
BootPass_49,236,13,13,Position_Unknown,Team_Unknown,Action_PreSnap,499.84,424.29,542.36,496.99,42.52000000000004,72.69999999999999,xml_geometry_csv_action
BootPass_49,236,29,27,Position_Unknown,Team_Unknown,Action_PreSnap,1140.75,427.46,1177.39,520.76,36.6400000000001,93.30000000000001,xml_geometry_csv_action
BootPass_49,236,33,29,Position_Unknown,Team_Unknown,Action_PreSnap,1068.28,453.36,1102.22,523.01,33.940000000000055,69.64999999999998,xml_geometry_csv_action
BootPass_49,236,4,4,Position_Unknown,Team_Unknown,Action_PreSnap,119.9,476.98,167.57,554.19,47.66999999999999,77.21000000000004,xml_geometry_csv_action
BootPass_49,236,6,6,Position_Unknown,Team_Unknown,Action_PreSnap,465.95,843.57,508.9,957.08,42.94999999999999,113.50999999999999,xml_geometry_csv_action
BootPass_49,236,9,9,Position_Unknown,Team_Unknown,Action_PreSnap,438.31,544.38,482.2,626.56,43.889999999999986,82.17999999999995,xml_geometry_csv_action
BootPass_49,237,13,13,Position_Unknown,Team_Unknown,Action_PreSnap,483.27,430.94,521.64,506.06,38.370000000000005,75.12,xml_geometry_csv_action
BootPass_49,237,4,4,Position_Unknown,Team_Unknown,Action_PreSnap,98.54,483.01,150.6,562.55,52.05999999999999,79.53999999999996,xml_geometry_csv_action
BootPass_49,237,6,6,Position_Unknown,Team_Unknown,Action_PreSnap,443.39,852.08,487.35,972.6,43.960000000000036,120.51999999999998,xml_geometry_csv_action
BootPass_49,237,9,9,Position_Unknown,Team_Unknown,Action_PreSnap,422.14,550.31,461.04,635.29,38.900000000000034,84.98000000000002,xml_geometry_csv_action
BootPass_49,238,13,13,Position_Unknown,Team_Unknown,Action_PreSnap,476.6,432.54,512.01,509.93,35.40999999999997,77.38999999999999,xml_geometry_csv_action
BootPass_49,238,4,4,Position_Unknown,Team_Unknown,Action_PreSnap,89.79,486.45,142.46,567.61,52.67,81.16000000000003,xml_geometry_csv_action
BootPass_49,238,6,6,Position_Unknown,Team_Unknown,Action_PreSnap,431.16,857.42,475.88,980.51,44.71999999999997,123.09000000000003,xml_geometry_csv_action
BootPass_49,238,9,9,Position_Unknown,Team_Unknown,Action_PreSnap,415.04,552.43,451.66,637.49,36.620000000000005,85.06000000000006,xml_geometry_csv_action
BootPass_49,239,11,11,Position_Unknown,Team_Unknown,Action_PreSnap,485.74,662.93,530.45,763.79,44.710000000000036,100.86000000000001,xml_geometry_csv_action
BootPass_49,239,13,13,Position_Unknown,Team_Unknown,Action_PreSnap,469.13,433.5,502.74,512.81,33.610000000000014,79.30999999999995,xml_geometry_csv_action
BootPass_49,239,29,27,Position_Unknown,Team_Unknown,Action_PreSnap,1103.68,426.84,1142.41,519.63,38.73000000000002,92.79000000000002,xml_geometry_csv_action
BootPass_49,239,33,29,Position_Unknown,Team_Unknown,Action_PreSnap,1038.31,456.74,1082.06,533.04,43.75,76.29999999999995,xml_geometry_csv_action
BootPass_49,239,4,4,Position_Unknown,Team_Unknown,Action_PreSnap,80.98,489.77,130.59,573.01,49.61,83.24000000000001,xml_geometry_csv_action
BootPass_49,239,6,6,Position_Unknown,Team_Unknown,Action_PreSnap,417.51,862.62,465.48,983.39,47.97000000000003,120.76999999999998,xml_geometry_csv_action
BootPass_49,239,9,9,Position_Unknown,Team_Unknown,Action_PreSnap,404.93,553.73,440.98,636.3,36.05000000000001,82.56999999999994,xml_geometry_csv_action
